name,ttm,03/31/2022,12/31/2021,09/30/2021,06/30/2021,03/31/2021,12/31/2020,09/30/2020,06/30/2020,03/31/2020,12/31/2019,09/30/2019,06/30/2019,03/31/2019,12/31/2018,09/30/2018,06/30/2018,03/31/2018,12/31/2017,09/30/2017,06/30/2017,03/31/2017,12/31/2016,09/30/2016,06/30/2016,03/31/2016,12/31/2015,09/30/2015,06/30/2015,03/31/2015,12/31/2014,09/30/2014,06/30/2014,03/31/2014,12/31/2013,09/30/2013,06/30/2013,03/31/2013,12/31/2012,09/30/2012
OperatingCashFlow,"-7,189,000","61,911,000","-30,110,000","-18,850,000","-20,140,000","-30,054,000","22,362,000","-22,359,000","-22,871,000","-41,822,000","-27,124,000","-38,197,000","-36,470,000","-48,639,000","-31,514,000","-43,263,000","-36,964,000","-40,835,000","-26,150,000","-21,277,000","-20,932,000","-24,854,000","-18,846,000","-21,162,000","-20,474,000","-19,358,000","-14,235,000","-11,923,000","-16,281,000","-13,307,000","-11,334,000","-9,471,000","-8,424,000","-4,497,000","-4,882,000","-3,989,000","-5,198,000","-2,379,000","-3,016,000","-2,632,000"
	CashFlowFromContinuingOperatingActivities,"-7,189,000","61,911,000","-30,110,000","-18,850,000","-20,140,000","-30,054,000","22,362,000","-22,359,000","-22,871,000","-41,822,000","-27,124,000","-38,197,000","-36,470,000","-48,639,000","-31,514,000","-43,263,000","-36,964,000","-40,835,000","-26,150,000","-21,277,000","-20,932,000","-24,854,000","-18,846,000","-21,162,000","-20,474,000","-19,358,000","-14,235,000","-11,923,000","-16,281,000","-13,307,000","-11,334,000","-9,471,000","-8,424,000","-4,497,000","-4,882,000","-3,989,000","-5,198,000","-2,379,000","-3,016,000","-2,632,000"
		NetIncomeFromContinuingOperations,"-68,737,000","-35,891,000","45,533,000","-39,691,000","-38,688,000","-41,964,000","-46,137,000","-39,648,000","-48,187,000","-49,129,000","-55,064,000","-49,402,000","-47,164,000","-47,951,000","-51,458,000","-85,388,000","-55,024,000","-40,699,000","-58,513,000","-32,372,000","-28,433,000","-25,787,000","-29,322,000","-23,814,000","-23,219,000","-22,704,000","-20,377,000","-17,961,000","-18,786,000","-17,239,000","-16,501,000","-13,147,000","-11,814,000","-6,671,000","-10,282,000","-10,748,000","-6,328,000","-3,790,000","-3,545,000","-3,592,000"
		OperatingGainsLosses,,,,,,,,,,,,,,,"-63,000","-42,000","-315,000","150,000","79,000","157,000",,,,,,,,,,,,,,,,,,,,
			GainLossOnInvestmentSecurities,,,,,,,,,,,,,,,"-63,000","-42,000","-315,000","150,000","79,000","157,000",,,,,,,,,,,,,,,,,,,,
		DepreciationAmortizationDepletion,"32,204,000","3,611,000","9,783,000","9,608,000","9,202,000","8,907,000","8,971,000","8,643,000","8,368,000","8,176,000","14,504,000","-3,500,000","4,441,000","2,669,000","712,000","649,000","594,000","487,000","494,000","316,000","309,000","291,000","268,000","245,000","234,000","223,000","150,000","42,000","36,000","24,000","23,000","19,000","16,000","15,000","17,000","17,000","15,000","15,000","34,000","43,000"
			DepreciationAndAmortization,"32,204,000","3,611,000","9,783,000","9,608,000","9,202,000","8,907,000","8,971,000","8,643,000","8,368,000","8,176,000","14,504,000","-3,500,000","4,441,000","2,669,000","712,000","649,000","594,000","487,000","494,000","316,000","309,000","291,000","268,000","245,000","234,000","223,000","150,000","42,000","36,000","24,000","23,000","19,000","16,000","15,000","17,000","17,000","15,000","15,000","34,000","43,000"
				Depreciation,"6,504,000","1,604,000","1,625,000","1,613,000","1,662,000","1,499,000","1,625,000","1,555,000","1,595,000","1,591,000","1,528,000","1,551,000","1,495,000","564,000","712,000","649,000","594,000","487,000","494,000","316,000","309,000","291,000","268,000","245,000","234,000","223,000","150,000","42,000","36,000","24,000","23,000","19,000","16,000","15,000","17,000","17,000","15,000","15,000","34,000","43,000"
				AmortizationCashFlow,"25,700,000","2,007,000","8,158,000","7,995,000","7,540,000","7,408,000","7,346,000","7,088,000","6,773,000","6,585,000",,,"2,946,000","2,105,000",,,,,,,,,,,,,,,,,,,,,,,,,,
					AmortizationOfIntangibles,"25,700,000","2,007,000","8,158,000","7,995,000","7,540,000","7,408,000","7,346,000","7,088,000","6,773,000","6,585,000",,,"2,946,000","2,105,000",,,,,,,,,,,,,,,,,,,,,,,,,,
		AmortizationOfSecurities,,,,,,,,,,,,,,,"15,000","8,000","145,000","-99,000","-43,000","-8,000","8,000","52,000","122,000","128,000","128,000","147,000","131,000","134,000","142,000","163,000","169,000","90,000","101,000","56,000","830,000","1,212,000","933,000","232,000","59,000","0"
		UnrealizedGainLossOnInvestmentSecurities,,,,,,,,,,,,,,,,,,,,,,,,,,,,,,,"0","0","0","0","-133,000","3,584,000","122,000","144,000","189,000","788,000"
		StockBasedCompensation,"25,407,000","4,632,000","6,166,000","6,613,000","7,996,000","8,749,000","9,590,000","9,800,000","10,176,000","10,529,000","11,172,000","10,606,000","10,695,000","12,620,000","9,713,000","9,978,000","10,318,000","8,719,000","8,006,000","6,557,000","6,665,000","4,850,000","5,280,000","4,099,000","3,881,000","3,534,000","3,412,000","3,316,000","3,476,000","2,741,000","2,482,000","2,392,000","2,382,000","1,922,000","1,327,000","1,130,000","237,000","164,000","138,000","108,000"
		OtherNonCashItems,"28,000","-50,000","-27,000","-99,000","204,000","1,116,000","-363,000","-376,000","46,000","-39,000","3,817,000","6,238,000","31,000","-186,000","798,000","24,684,000","77,000","77,000","24,878,000","77,000","77,000","76,000","76,000","76,000","76,000","75,000","73,000","77,000","78,000","77,000",,,,,,,,,,
		ChangeInWorkingCapital,"3,909,000","89,609,000","-91,565,000","4,719,000","1,146,000","-6,862,000","50,301,000","-778,000","6,726,000","-11,359,000","-1,553,000","-2,139,000","-4,473,000","-15,791,000","8,769,000","6,848,000","7,241,000","-9,470,000","-1,051,000","3,996,000","77,000","-4,336,000","4,730,000","-1,896,000","-1,574,000","-633,000","2,376,000","2,469,000","-1,227,000","927,000","2,416,000","1,175,000","891,000","181,000","622,000","816,000","-177,000","856,000","109,000","21,000"
			ChangeInReceivables,"-17,467,000","95,211,000","-94,262,000","-5,415,000","-13,001,000","9,872,000","-9,174,000","-3,770,000","-137,000","-4,587,000","-5,076,000","-7,627,000","-10,893,000","-12,043,000","-754,000","-836,000",,,,,,,,,,,,,,,,,,,,,,,,
				ChangesInAccountReceivables,"-17,467,000","5,211,000","-4,262,000","-5,415,000","-13,001,000","9,872,000","-9,174,000","-3,770,000","-137,000","-4,587,000","-5,076,000","-7,627,000","-10,893,000","-12,043,000","-754,000","-836,000",,,,,,,,,,,,,,,,,,,,,,,,
			ChangeInInventory,"-10,511,000","538,000","-9,615,000","687,000","-2,121,000","-1,052,000","-6,081,000","-1,482,000","1,349,000","1,048,000","-6,177,000","-4,066,000","-47,000","33,000","-4,390,000","247,000","-4,577,000","-969,000",,,,,,,,,,,,,,,,,,,,,,
			ChangeInPrepaidAssets,"-4,210,000","-1,211,000","-1,904,000","-2,849,000","1,754,000","-4,286,000","711,000","490,000","1,549,000","-2,410,000","571,000","857,000","-2,181,000","-1,391,000","-1,746,000","-483,000","3,066,000","-1,628,000","-3,957,000","-47,000","338,000","1,427,000","-936,000","-1,707,000","288,000","503,000","-602,000","-165,000","132,000","-205,000","-697,000","272,000","-265,000","-27,000","-498,000","-16,000","55,000","-57,000","-30,000","17,000"
			ChangeInPayablesAndAccruedExpense,"22,360,000","-9,517,000","6,842,000","10,656,000","14,379,000","-10,297,000","15,652,000","5,400,000","5,436,000","-3,952,000","10,190,000","10,009,000","9,834,000","-1,267,000","15,659,000","7,920,000","9,877,000","-6,873,000","2,906,000","4,043,000","-261,000","-5,763,000","5,666,000","-189,000","-1,862,000","-1,136,000","2,978,000","2,634,000","-1,359,000","1,132,000","3,113,000","903,000","1,156,000","208,000","1,120,000","832,000","-232,000","913,000","139,000","4,000"
				ChangeInPayable,,,,"10,656,000","14,379,000","-10,297,000",,,,,,"10,009,000","9,834,000","-1,267,000","15,659,000","7,920,000","9,877,000","-6,873,000","2,906,000","4,043,000","-291,000","-5,733,000","5,666,000","-195,000","-1,862,000","-1,130,000","2,978,000","2,628,000","-1,365,000","1,144,000","2,562,000","903,000","1,156,000","208,000","1,120,000","832,000","-232,000","913,000","139,000","4,000"
					ChangeInAccountPayable,,,,"10,656,000","14,379,000","-10,297,000",,,,,,"10,009,000","9,834,000","-1,267,000","15,659,000","7,920,000","9,877,000","-6,873,000","2,906,000","4,043,000","-291,000","-5,733,000","5,666,000","-195,000","-1,862,000","-1,130,000","2,978,000","2,628,000","-1,365,000","1,144,000","2,562,000","903,000","1,156,000","208,000","1,020,000","566,000","-393,000","852,000","123,000","4,000"
				ChangeInAccruedExpense,,,,,,,,,,,,,,,,,,,,,,"-30,000",,,"0","-6,000",,,"6,000","-12,000",,,,,,,,,,
					ChangeInInterestPayable,,,,,,,,,,,,,,,,,,,,,,"-30,000",,,"0","-6,000",,,"6,000","-12,000",,,,,,,,,,
			ChangeInOtherCurrentLiabilities,"-4,658,000","-1,097,000","-3,242,000","769,000","-1,088,000","-1,846,000","-1,665,000","-1,416,000","-1,471,000","-1,458,000","-1,061,000","-1,312,000","-1,186,000","-1,123,000",,,,,,,,,,,,,,,,,,,,,,,,,,
			ChangeInOtherWorkingCapital,"18,395,000","5,685,000","10,616,000","871,000","1,223,000","747,000",,,,,,,,,,,,,,,,,,,,,,,,,,,,,,,,,,
InvestingCashFlow,"-62,781,000","-42,300,000","2,063,000","1,131,000","-23,675,000","2,280,000","-975,000","942,000","39,729,000","33,483,000","-78,068,000","-98,061,000","-2,179,000","-4,939,000","-909,000","8,098,000","55,146,000","-41,546,000","16,787,000","-27,374,000","1,385,000","-33,605,000","4,085,000","8,887,000","2,692,000","2,436,000","-5,015,000","5,087,000","3,209,000","6,101,000","-50,739,000","6,347,000","448,000","-29,374,000","-35,000","-11,000","-11,000","-6,000","0","0"
	CashFlowFromContinuingInvestingActivities,"-62,781,000","-42,300,000","2,063,000","1,131,000","-23,675,000","2,280,000","-975,000","942,000","39,729,000","33,483,000","-78,068,000","-98,061,000","-2,179,000","-4,939,000","-909,000","8,098,000","55,146,000","-41,546,000","16,787,000","-27,374,000","1,385,000","-33,605,000","4,085,000","8,887,000","2,692,000","2,436,000","-5,015,000","5,087,000","3,209,000","6,101,000","-50,739,000","6,347,000","448,000","-29,374,000","-35,000","-11,000","-11,000","-6,000","0","0"
		NetPPEPurchaseAndSale,"-4,116,000","-1,597,000","-751,000","-1,163,000","-605,000","-772,000","-596,000","-814,000","-450,000","-1,240,000","-2,047,000","-793,000","-2,179,000","-4,939,000","-1,909,000","-6,372,000","-13,906,000","-9,126,000","-8,897,000","-4,479,000","-1,690,000","-904,000","-3,685,000","-933,000","-124,000","-335,000","-1,425,000","-803,000","-513,000","-539,000","-35,000","-87,000","-30,000","-29,000","-35,000","-11,000","-11,000","-6,000","0","0"
			PurchaseOfPPE,"-4,116,000","-1,597,000","-751,000","-1,163,000","-605,000","-772,000","-596,000","-814,000","-450,000","-1,240,000","-2,047,000","-793,000","-2,179,000","-4,939,000","-1,909,000","-6,372,000","-13,906,000","-9,126,000","-8,897,000","-4,479,000","-1,690,000","-904,000","-3,685,000","-933,000","-124,000","-335,000","-1,425,000","-803,000","-513,000","-539,000","-35,000","-87,000","-30,000","-29,000","-35,000","-11,000","-11,000","-6,000","0","0"
		NetInvestmentPurchaseAndSale,"-58,665,000","-40,703,000","2,814,000","2,294,000","-23,070,000","3,052,000","-379,000","1,756,000","40,179,000","34,723,000","-68,186,000","-97,268,000","0","0","1,000,000","14,470,000","69,052,000","-32,420,000","36,184,000","-22,895,000","3,075,000","-32,701,000","7,770,000","9,820,000","2,816,000","2,771,000","-3,590,000","5,890,000","3,722,000","6,640,000","-50,704,000","6,434,000","478,000","-29,345,000",,,,"0",,
			PurchaseOfInvestment,"-177,433,000","-70,308,000","-19,929,000","-39,426,000","-47,770,000","-25,236,000","-32,480,000","-40,656,000","-27,621,000","-15,834,000","-68,186,000","-97,268,000","0","0","0","0","0","-56,195,000","-3,273,000","-46,790,000","-8,866,000","-45,561,000","-15,221,000","-720,000","-5,963,000","-13,265,000","-20,312,000","-12,585,000","-5,787,000","-8,188,000","-60,783,000","-2,741,000","-2,507,000","-29,345,000",,,,"0",,
			SaleOfInvestment,"118,768,000","29,605,000","22,743,000","41,720,000","24,700,000","28,288,000","32,101,000","42,412,000","67,800,000","50,557,000","0","0","0","0","1,000,000","14,470,000","69,052,000","23,775,000","39,457,000","23,895,000","11,941,000","12,860,000","22,991,000","10,540,000","8,779,000","16,036,000","16,722,000","18,475,000","9,509,000","14,828,000","10,079,000","9,175,000",,,,,,,,
FinancingCashFlow,"3,716,000","-357,000","3,387,000","-390,000","1,076,000","-1,101,000","396,000","-95,000","262,000","-1,422,000","430,000","275,597,000","-856,000","-372,000","287,000","-529,000","2,965,000","134,313,000","12,854,000","79,000","122,663,000","48,000","768,000","165,694,000","2,035,000","128,000","3,364,000","12,866,000","538,000","35,070,000","-1,225,000","124,132,000","9,000","65,000","69,947,000","6,242,000","4,046,000","3,000,000","2,870,000","0"
	CashFlowFromContinuingFinancingActivities,"3,716,000","-357,000","3,387,000","-390,000","1,076,000","-1,101,000","396,000","-95,000","262,000","-1,422,000","430,000","275,597,000","-856,000","-372,000","287,000","-529,000","2,965,000","134,313,000","12,854,000","79,000","122,663,000","48,000","768,000","165,694,000","2,035,000","128,000","3,364,000","12,866,000","538,000","35,070,000","-1,225,000","124,132,000","9,000","65,000","69,947,000","6,242,000","4,046,000","3,000,000","2,870,000","0"
		NetIssuancePaymentsOfDebt,,,"0","0",,,"0","0",,,"0",,,,,,,,,,,,,,,,,,,,"-225,000","124,375,000","0","0","0","7,500,000","4,500,000","3,000,000","3,000,000","0"
			NetLongTermDebtIssuance,,,"0","0",,,"0","0",,,"0",,,,,,,,,,,,,,,,,,,,"-225,000","124,375,000","0","0","0","7,500,000","4,500,000","3,000,000","3,000,000","0"
				LongTermDebtIssuance,,,"0","0",,,"0","0",,,"0",,,,,,,,,,,,,,,,,,,,"-225,000","124,375,000","0","0","0","7,500,000","4,500,000","3,000,000","3,000,000","0"
				LongTermDebtPayments,,,"0","0",,,"0","0",,,,,,,,,,,,,,,,,,,,,,,,"0","0","0","0","0","0","0","0","0"
		NetCommonStockIssuance,,,,,,,,,,,"0","0","0","0","0","0","0","135,972,000","12,169,000","0",,,"0","166,436,000","2,043,000","0","3,351,000","11,674,000","426,000","35,000,000","0","0","0","0","71,870,000","0","0","0","0","0"
			CommonStockIssuance,,,,,,,,,,,"0","0","0","0","0","0","0","135,972,000","12,169,000","0",,,"0","166,436,000","2,043,000","0","3,351,000","11,674,000","426,000","35,000,000","0","0","0","0","71,870,000","0","0","0","0","0"
		NetPreferredStockIssuance,,,,,,,,,,,,,,,,,,,,,,,,,,,,,,,,"0","0","0","0","0","0","0","0","0"
			PreferredStockIssuance,,,,,,,,,,,,,,,,,,,,,,,,,,,,,,,,"0","0","0","0","0","0","0","0","0"
		CashDividendsPaid,,,,,,,,,,,,,,,,,,,,,,,,,,,,,,,"0","0","0","0","0","0","0","0","-130,000","0"
			CommonStockDividendPaid,,,,,,,,,,,,,,,,,,,,,,,,,,,,,,,"0","0","0","0","0","0","0","0","-130,000","0"
		ProceedsFromStockOptionExercised,"3,716,000","-357,000","3,387,000","-390,000","1,076,000","-1,101,000","396,000","-95,000","262,000","-1,422,000","1,667,000","371,000","-369,000","-224,000","697,000","1,240,000","3,113,000","-1,420,000","685,000","79,000","-34,000","699,000","785,000","353,000","1,000","256,000","13,000","1,192,000","112,000","70,000","0","54,000","9,000","65,000","8,000","0","1,000","0","0","0"
		NetOtherFinancingCharges,,,,,,,,,,,"-1,237,000","-33,123,000","-487,000","-148,000","-410,000","-1,769,000","-148,000","-239,000",,,,"-651,000","-17,000","-1,095,000","-9,000","-128,000",,,,,"-1,000,000",,,,"-1,931,000","-1,258,000",,,,
EndCashPosition,"56,441,000","56,441,000","37,187,000","61,847,000","79,956,000","122,695,000","151,570,000","129,787,000","151,299,000","134,179,000","143,940,000","248,702,000","109,363,000","148,868,000","202,818,000","234,954,000","270,648,000","249,501,000","197,569,000","194,078,000","242,650,000","139,534,000","197,945,000","211,938,000","58,519,000","74,266,000","91,060,000","106,946,000","100,916,000","113,450,000","85,586,000","148,884,000","27,876,000","35,843,000","69,649,000","4,619,000","2,377,000","3,540,000","2,925,000","3,071,000"
	ChangesInCash,"-66,254,000","19,254,000","-24,660,000","-18,109,000","-42,739,000","-28,875,000","21,783,000","-21,512,000","17,120,000","-9,761,000","-104,762,000","139,339,000","-39,505,000","-53,950,000","-32,136,000","-35,694,000","21,147,000","51,932,000","3,491,000","-48,572,000","103,116,000","-58,411,000","-13,993,000","153,419,000","-15,747,000","-16,794,000","-15,886,000","6,030,000","-12,534,000","27,864,000","-63,298,000","121,008,000","-7,967,000","-33,806,000","65,030,000","2,242,000","-1,163,000","615,000","-146,000","-2,632,000"
	BeginningCashPosition,"122,695,000","37,187,000","61,847,000","79,956,000","122,695,000","151,570,000","129,787,000","151,299,000","134,179,000","143,940,000","248,702,000","109,363,000","148,868,000","202,818,000","234,954,000","270,648,000","249,501,000","197,569,000","194,078,000","242,650,000","139,534,000","197,945,000","211,938,000","58,519,000","74,266,000","91,060,000","106,946,000","100,916,000","113,450,000","85,586,000","148,884,000","27,876,000","35,843,000","69,649,000","4,619,000","2,377,000","3,540,000","2,925,000","3,071,000","5,703,000"
IncomeTaxPaidSupplementalData,,,,,,,,,,,,,,,,,,,,"0","0","0","0","1,000","0","1,789,000","0","131,000",,,,,,,,,,,,
InterestPaidSupplementalData,,,,,,,,,,,,,,,,,,,"552,000","1,096,000","-11,000","551,000","551,000","545,000","545,000","551,000","551,000","545,000","539,000","551,000",,,,,,,,,,
CapitalExpenditure,"-4,116,000","-1,597,000","-751,000","-1,163,000","-605,000","-772,000","-596,000","-814,000","-450,000","-1,240,000","-2,047,000","-793,000","-2,179,000","-4,939,000","-1,909,000","-6,372,000","-13,906,000","-9,126,000","-8,897,000","-4,479,000","-1,690,000","-904,000","-3,685,000","-933,000","-124,000","-335,000","-1,425,000","-803,000","-513,000","-539,000","-35,000","-87,000","-30,000","-29,000","-35,000","-11,000","-11,000","-6,000",,
IssuanceOfCapitalStock,,,,,,,,,,,"0","0","0","0","0","0","0","135,972,000","12,169,000","0",,,"0","166,436,000","2,043,000","0","3,351,000","11,674,000","426,000","35,000,000","0","0","0","0","71,870,000","0","0","0","0","0"
IssuanceOfDebt,,,"0","0",,,"0","0",,,"0",,,,,,,,,,,,,,,,,,,,"-225,000","124,375,000","0","0","0","7,500,000","4,500,000","3,000,000","3,000,000","0"
RepaymentOfDebt,,,"0","0",,,"0","0",,,,,,,,,,,,,,,,,,,,,,,,"0","0","0","0","0","0","0","0","0"
FreeCashFlow,"-11,305,000","60,314,000","-30,861,000","-20,013,000","-20,745,000","-30,826,000","21,766,000","-23,173,000","-23,321,000","-43,062,000","-29,171,000","-38,990,000","-38,649,000","-53,578,000","-33,423,000","-49,635,000","-50,870,000","-49,961,000","-35,047,000","-25,756,000","-22,622,000","-25,758,000","-22,531,000","-22,095,000","-20,598,000","-19,693,000","-15,660,000","-12,726,000","-16,794,000","-13,846,000","-11,369,000","-9,558,000","-8,454,000","-4,526,000","-4,917,000","-4,000,000","-5,209,000","-2,385,000","-3,016,000","-2,632,000"