name,03/31/2022,12/31/2021,09/30/2021,06/30/2021,03/31/2021,12/31/2020,09/30/2020,06/30/2020,03/31/2020,12/31/2019,09/30/2019,06/30/2019,03/31/2019,12/31/2018,09/30/2018,06/30/2018,03/31/2018,12/31/2017,09/30/2017,06/30/2017,03/31/2017,12/31/2016,09/30/2016,06/30/2016,03/31/2016,12/31/2015,09/30/2015,06/30/2015,03/31/2015,12/31/2014,09/30/2014,06/30/2014,03/31/2014,12/31/2013,09/30/2013,06/30/2013,03/31/2013,12/31/2012,09/30/2012,06/30/2012,03/31/2012,12/31/2011,09/30/2011,06/30/2011,03/31/2011,12/31/2010,09/30/2010,06/30/2010,03/31/2010,12/31/2009,09/30/2009,06/30/2009,03/31/2009,12/31/2008,09/30/2008,06/30/2008,03/31/2008,12/31/2007,09/30/2007,06/30/2007,03/31/2007,12/31/2006,09/30/2006,06/30/2006,03/31/2006,12/31/2005,09/30/2005,06/30/2005,03/31/2005,12/31/2004,09/30/2004,06/30/2004,03/31/2004,12/31/2003,09/30/2003,06/30/2003,03/31/2003,12/31/2002,09/30/2002,06/30/2002,03/31/2002,12/31/2001,09/30/2001,06/30/2001,03/31/2001,12/31/2000,09/30/2000,06/30/2000,03/31/2000,12/31/1999,09/30/1999,06/30/1999,03/31/1999,12/31/1998,09/30/1998,06/30/1998,03/31/1998,12/31/1997,09/30/1997,06/30/1997,03/31/1997,12/31/1996,09/30/1996,06/30/1996,03/31/1996,12/31/1995,09/30/1995,06/30/1995,03/31/1995,12/31/1994,09/30/1994,06/30/1994,03/31/1994,12/31/1993,09/30/1993,06/30/1993,03/31/1993,12/31/1992,09/30/1992,06/30/1992,03/31/1992,12/31/1991,09/30/1991,06/30/1991,03/31/1991,12/31/1990,09/30/1990,06/30/1990,03/31/1990,12/31/1989,09/30/1989,06/30/1989,12/31/1988,12/31/1987,12/31/1986,12/31/1985
TotalAssets,"20,926,000,000","19,714,000,000","20,132,000,000","19,146,000,000","17,979,000,000","18,252,000,000","16,972,000,000","16,610,000,000","16,545,000,000","17,360,000,000","16,237,000,000","17,109,000,000","16,923,000,000","16,554,000,000","16,470,000,000","17,535,000,000","17,731,000,000","17,169,000,000","17,003,000,000","16,721,000,000","16,644,000,000","16,173,000,000","17,060,000,000","25,077,000,000","10,059,000,000","9,777,000,000","7,727,000,000","7,852,900,000","7,660,500,000","7,571,000,000","7,614,900,000","7,771,400,000","7,744,500,000","7,819,800,000","7,709,200,000","7,815,600,000","7,776,000,000","7,507,100,000","7,524,000,000","7,439,500,000","7,559,400,000","7,284,600,000","7,538,400,000","7,850,400,000","7,783,000,000","6,927,700,000","6,979,100,000","6,618,300,000","7,035,700,000","6,488,300,000","6,792,100,000","6,306,600,000","6,424,600,000","6,368,700,000","6,211,700,000","6,580,600,000","6,446,200,000","6,020,600,000","6,015,400,000","5,925,100,000","5,918,000,000","5,840,900,000","5,728,700,000","5,852,800,000","5,574,600,000","4,343,400,000","4,376,400,000","4,430,000,000","4,618,300,000","4,477,700,000","4,351,900,000","4,335,100,000","4,253,100,000","4,069,600,000","4,221,900,000","4,229,500,000","4,160,400,000","4,132,400,000","2,382,100,000","2,373,800,000","2,391,000,000","2,313,600,000","2,369,900,000","2,478,700,000","2,729,300,000","2,649,800,000","2,712,800,000","2,759,600,000","2,826,100,000","2,732,100,000","2,846,700,000","2,928,400,000","2,951,400,000","2,854,800,000","3,043,200,000","2,113,500,000","2,107,000,000","2,090,100,000","2,171,400,000","2,150,700,000","2,152,100,000","1,700,800,000","1,903,900,000","1,865,900,000","1,798,900,000","1,612,500,000","1,585,000,000","1,978,200,000","1,886,400,000","1,759,800,000","1,776,400,000","1,819,800,000","1,875,600,000","1,795,600,000","1,883,400,000","1,928,100,000","1,976,400,000","1,563,900,000","1,533,500,000","1,706,300,000","1,682,500,000","1,558,600,000","1,578,100,000","1,639,700,000","1,356,500,000","1,307,600,000","953,200,000","945,200,000","950,700,000","938,000,000","930,300,000","948,800,000","876,500,000","794,900,000","732,700,000","641,700,000"
	CurrentAssets,"6,306,000,000","5,223,000,000","5,917,000,000","5,029,000,000","4,237,000,000","4,675,000,000","4,025,000,000","4,010,000,000","4,241,000,000","4,884,000,000","3,829,000,000","4,533,000,000","4,399,000,000","3,940,000,000","3,860,000,000","4,875,000,000","4,160,000,000","3,758,000,000","3,930,000,000","3,765,000,000","3,907,000,000","3,653,000,000","4,104,000,000","10,086,000,000","2,323,000,000","2,184,000,000","2,382,600,000","2,505,100,000","2,467,900,000","2,313,500,000","2,378,800,000","2,419,800,000","2,404,300,000","2,465,700,000","2,425,400,000","2,619,500,000","2,622,700,000","2,339,400,000","2,570,300,000","2,511,700,000","2,516,800,000","2,321,900,000","2,573,900,000","2,724,600,000","2,714,400,000","2,305,700,000","2,358,100,000","2,549,900,000","2,587,500,000","1,923,300,000","2,677,100,000","2,211,900,000","2,326,400,000","2,165,300,000","2,016,800,000","2,165,400,000","2,055,200,000","1,842,900,000","1,879,900,000","1,856,500,000","1,859,200,000","1,761,300,000","1,694,400,000","1,792,500,000","1,597,900,000","1,225,800,000","1,326,100,000","1,364,800,000","1,435,900,000","1,245,600,000","1,228,500,000","1,223,300,000","1,148,900,000","923,500,000","1,185,500,000","1,161,600,000","1,205,600,000","1,224,500,000","819,700,000","835,700,000","861,100,000","793,500,000","945,200,000","1,024,400,000","1,079,300,000","969,300,000","1,031,600,000","1,058,800,000","1,037,800,000","895,800,000","1,022,000,000","1,039,100,000","1,022,700,000","885,600,000","1,010,800,000","854,800,000","828,900,000","798,100,000","865,300,000","869,700,000","872,400,000","766,600,000","765,500,000","770,300,000","721,300,000","592,700,000","628,400,000","872,300,000","803,200,000","698,100,000","710,300,000","749,000,000","784,100,000","692,100,000","758,000,000","841,500,000","857,200,000","619,200,000","622,000,000","736,200,000","713,700,000","634,000,000","655,200,000","728,100,000","601,300,000","542,200,000","375,500,000","382,000,000","387,500,000","374,000,000","363,600,000","385,700,000","331,700,000","315,700,000","331,200,000","264,900,000"
		CashCashEquivalentsAndShortTermInvestments,"437,000,000","563,000,000","1,446,000,000","571,000,000","461,000,000","1,366,000,000","771,000,000","643,000,000","801,000,000","1,798,000,000","483,000,000","764,000,000","603,000,000","721,000,000","598,000,000","549,000,000","477,000,000","448,000,000","556,000,000","433,000,000","458,000,000","597,000,000","645,000,000","6,399,000,000","205,000,000","224,000,000","244,400,000","227,300,000","228,800,000","191,400,000","189,500,000","155,300,000","175,400,000","416,000,000","168,200,000","169,500,000","208,000,000","174,100,000","181,200,000","123,500,000","106,800,000","165,800,000","190,100,000","144,800,000","193,100,000","254,600,000","224,700,000","147,400,000","469,600,000","310,700,000","531,500,000","205,800,000","258,200,000","127,400,000","113,900,000","63,400,000","89,900,000","151,600,000","79,400,000","91,900,000","51,200,000","151,500,000","59,100,000","52,500,000","46,900,000","61,000,000","90,400,000","75,700,000","86,800,000","198,700,000","67,800,000","35,900,000","41,200,000","36,500,000","58,400,000","39,800,000","54,100,000","259,200,000","58,200,000","36,500,000","21,900,000","83,100,000","36,400,000","24,900,000","28,000,000","25,600,000","27,400,000","34,800,000","42,500,000","35,800,000","30,600,000","48,700,000","42,100,000","34,000,000","34,000,000","68,400,000","41,300,000","25,500,000","28,100,000","27,900,000","34,900,000","169,200,000","10,800,000","20,200,000","18,800,000","5,100,000","41,500,000","10,200,000","8,100,000","10,400,000","9,600,000","8,900,000","9,600,000","8,200,000","13,600,000","9,500,000","17,300,000","14,500,000","9,900,000","21,000,000","18,600,000","20,800,000","38,500,000","22,200,000","17,500,000","30,000,000","16,200,000","10,600,000","11,900,000","10,400,000","12,700,000","22,300,000","15,700,000","16,600,000","10,200,000","15,000,000"
			CashAndCashEquivalents,"437,000,000","563,000,000","1,446,000,000","571,000,000","461,000,000","1,366,000,000","771,000,000","643,000,000","801,000,000","1,798,000,000","483,000,000","764,000,000","603,000,000","721,000,000","598,000,000","549,000,000","477,000,000","448,000,000","556,000,000","433,000,000","458,000,000","597,000,000","645,000,000","6,399,000,000","205,000,000","224,000,000","244,400,000","227,300,000","228,800,000","191,400,000","189,500,000","155,300,000","175,400,000","416,000,000","168,200,000","169,500,000","208,000,000","174,100,000","181,200,000","123,500,000","106,800,000","165,800,000","190,100,000","144,800,000","193,100,000","152,000,000","168,700,000","75,000,000","391,400,000","210,600,000","418,100,000","59,500,000","53,100,000","127,400,000","113,900,000","63,400,000","89,900,000","151,600,000","79,400,000","91,900,000","51,200,000","151,500,000","59,100,000","52,500,000","46,900,000","61,000,000","90,400,000","75,700,000","86,800,000","198,700,000","67,800,000","35,900,000","41,200,000","36,500,000","58,400,000","39,800,000","54,100,000","259,200,000","58,200,000","36,500,000","21,900,000","83,100,000","36,400,000","24,900,000","28,000,000","25,600,000","27,400,000","34,800,000","42,500,000","35,800,000","30,600,000","48,700,000","42,100,000","34,000,000","34,000,000","68,400,000","41,300,000","25,500,000","28,100,000","27,900,000","34,900,000","169,200,000","10,800,000","20,200,000","18,800,000","5,100,000","41,500,000","10,200,000","8,100,000","10,400,000","9,600,000","8,900,000","9,600,000","8,200,000","13,600,000","9,500,000","17,300,000","14,500,000","9,900,000","21,000,000","18,600,000","20,800,000","38,500,000","22,200,000","17,500,000","30,000,000","16,200,000","10,600,000","11,900,000","10,400,000","12,700,000","22,300,000","15,700,000","16,600,000","10,200,000","15,000,000"
			OtherShortTermInvestments,,,,,,,,,,,,,,,,,,,,,,,,,,,,,,,,,,,,,,,,,,,,,,"102,600,000","56,000,000","72,400,000","78,200,000","100,100,000","113,400,000","146,300,000","205,100,000",,,,,,,,,,,,,,,,,,,,,,,,,,,,,,,,,,,,,,,,,,,,,,,,,,,,,,,,,,,,,,,,,,,,,,,,,,,,,,,,,,,
		Receivables,"3,128,000,000","2,560,000,000","2,489,000,000","2,620,000,000","2,115,000,000","1,738,000,000","1,772,000,000","1,810,000,000","1,862,000,000","1,631,000,000","1,957,000,000","1,956,000,000","1,885,000,000","1,802,000,000","1,872,000,000","2,013,000,000","2,090,000,000","1,634,000,000","1,793,000,000","1,637,000,000","1,695,000,000","1,491,000,000","1,789,000,000","1,910,000,000","1,022,000,000","885,400,000","1,097,800,000","1,192,000,000","1,043,700,000","957,100,000","1,049,400,000","1,073,500,000","981,100,000","859,400,000","1,087,500,000","1,123,900,000","1,057,700,000","930,100,000","1,206,300,000","1,143,100,000","1,101,200,000","910,400,000","1,107,600,000","1,215,100,000","1,079,600,000","849,700,000","1,121,300,000","1,062,900,000","986,700,000","562,400,000","1,126,200,000","892,100,000","873,400,000","737,400,000","773,800,000","839,000,000","675,100,000","582,700,000","852,800,000","772,400,000","698,600,000","579,500,000","768,200,000","770,700,000","586,500,000","376,600,000","561,500,000","543,000,000","441,000,000","346,800,000","517,500,000","502,500,000","372,800,000","250,100,000","554,400,000","472,700,000","452,000,000","345,900,000","299,400,000","284,900,000","251,100,000","172,000,000","351,100,000","329,300,000","280,500,000","230,200,000","393,900,000","353,200,000","278,300,000","220,200,000","420,700,000","380,200,000","313,300,000","273,500,000","480,000,000","339,200,000","315,700,000","301,400,000","401,500,000","376,400,000","348,500,000","245,900,000","386,400,000","326,800,000","242,600,000","200,000,000","245,500,000","311,300,000","236,200,000","204,500,000","262,300,000","260,800,000","257,200,000","191,300,000","270,500,000","330,000,000","311,300,000","200,900,000","251,600,000","311,100,000","270,600,000","246,100,000","309,600,000","352,800,000","245,500,000","217,900,000","208,600,000","220,300,000","192,500,000","176,200,000","181,200,000","191,100,000","133,900,000","114,600,000","109,000,000","98,800,000"
			AccountsReceivable,"1,664,000,000","1,304,000,000","1,274,000,000","1,453,000,000","1,003,000,000","825,000,000","916,000,000","906,000,000","859,000,000","630,000,000","914,000,000","1,008,000,000","949,000,000","802,000,000","1,041,000,000","1,250,000,000","1,322,000,000","1,343,000,000","1,425,000,000","1,332,000,000","1,354,000,000","1,158,000,000","1,474,000,000","1,524,000,000","908,000,000","753,900,000","983,300,000","1,068,700,000","901,200,000","793,000,000","933,500,000","998,000,000","913,100,000","798,900,000","1,021,900,000","1,051,200,000","973,100,000","864,600,000","1,147,700,000","1,143,100,000","1,028,300,000","840,600,000","1,043,100,000","1,134,400,000","987,600,000",,"1,038,600,000","987,600,000","911,100,000","453,200,000","978,300,000","696,500,000","634,300,000","507,900,000","773,800,000","748,900,000","675,100,000","582,700,000","852,800,000","772,400,000","698,600,000","579,500,000","768,200,000","770,700,000","586,500,000","376,600,000","561,500,000","543,000,000","441,000,000","346,800,000","517,500,000","502,500,000","372,800,000","250,100,000","554,400,000","472,700,000","452,000,000","345,900,000","299,400,000","284,900,000","251,100,000","172,000,000","351,100,000","329,300,000","280,500,000",,,,,,,,,,,,,,,,,,,,,,,,,,,,,,,,,,,,,,,,,,,,,,,,,,,
				GrossAccountsReceivable,"1,664,000,000","1,304,000,000","1,282,000,000","1,462,000,000","1,012,000,000",,"925,000,000","915,000,000","865,000,000","647,000,000","922,000,000","1,017,000,000","958,000,000","812,000,000","1,052,000,000","1,259,000,000","1,332,000,000","1,353,000,000","1,435,000,000","1,342,000,000","1,365,000,000","1,169,000,000","1,482,000,000","1,529,000,000","913,000,000","759,300,000","989,500,000","1,074,900,000","907,400,000","800,000,000","940,600,000","1,005,200,000","922,300,000","835,200,000","1,061,200,000","1,064,100,000","986,900,000","878,300,000","1,160,700,000","1,157,000,000","1,041,900,000",,,,,,,,,,,,,,,,,,,,,,,,,,,,,,,,,,,,,,,,,,,,,,,,,,,,,,,,,,,,,,,,,,,,,,,,,,,,,,,,,,,,,,,,,,,,,,,
				AllowanceForDoubtfulAccountsReceivable,,,"-8,000,000","-9,000,000","-9,000,000",,"-9,000,000","-9,000,000","-6,000,000","-17,000,000","-8,000,000","-9,000,000","-9,000,000","-10,000,000","-11,000,000","-9,000,000","-10,000,000","-10,000,000","-10,000,000","-10,000,000","-11,000,000","-11,000,000","-8,000,000","-5,000,000","-5,000,000","-5,400,000","-6,200,000","-6,200,000","-6,200,000","-7,000,000","-7,100,000","-7,200,000","-9,200,000","-36,300,000","-39,300,000","-12,900,000","-13,800,000","-13,700,000","-13,000,000","-13,900,000","-13,600,000",,,,,,,,,,,,,,,,,,,,,,,,,,,,,,,,,,,,,,,,,,,,,,,,,,,,,,,,,,,,,,,,,,,,,,,,,,,,,,,,,,,,,,,,,,,,,,,
			OtherReceivables,"1,472,000,000","1,265,000,000","1,215,000,000","1,167,000,000","1,112,000,000","922,000,000","856,000,000","904,000,000","1,003,000,000","1,001,000,000","1,043,000,000","948,000,000","936,000,000","1,000,000,000","831,000,000","763,000,000","768,000,000","291,000,000","368,000,000","305,000,000","341,000,000","333,000,000","315,000,000","386,000,000","114,000,000","131,500,000","114,500,000","123,300,000","142,500,000","164,100,000","115,900,000","75,500,000","68,000,000","60,500,000","65,600,000","72,700,000","84,600,000","65,500,000","58,600,000",,"72,900,000","69,800,000","64,500,000","80,700,000","92,000,000",,"82,700,000","75,300,000","75,600,000","109,200,000","147,900,000","195,600,000","239,100,000","229,500,000",,"90,100,000",,,,,,,,,,,,,,,,,,,,,,,,,,,,,,,,,,,,,,,,,,,,,,,,,,,,,,,,,,,,,,,,,,,,,,,,,,,,,,,,
			ReceivablesAdjustmentsAllowances,"-8,000,000","-9,000,000",,,,"-9,000,000",,,,,,,,,,,,,,,,,,,,,,,,,,,,,,,,,,,,,,,,,,,,,,,,,,,,,,,,,,,,,,,,,,,,,,,,,,,,,,,,,,,,,,,,,,,,,,,,,,,,,,,,,,,,,,,,,,,,,,,,,,,,,,,,,,
		Inventory,"2,323,000,000","1,795,000,000","1,638,000,000","1,490,000,000","1,399,000,000","1,353,000,000","1,309,000,000","1,388,000,000","1,354,000,000","1,274,000,000","1,180,000,000","1,183,000,000","1,275,000,000","1,271,000,000","1,243,000,000","1,257,000,000","1,447,000,000","1,526,000,000","1,433,000,000","1,524,000,000","1,554,000,000","1,413,000,000","1,418,000,000","1,483,000,000","956,000,000","898,400,000","876,000,000","929,000,000","1,033,200,000","1,016,700,000","972,700,000","1,028,200,000","1,081,600,000","1,028,300,000","980,300,000","1,100,400,000","1,143,600,000","1,044,400,000","993,000,000","1,035,600,000","1,124,500,000","1,072,500,000","1,094,600,000","1,196,700,000","1,245,700,000","1,083,900,000","898,900,000","876,200,000","1,019,400,000","944,200,000","906,900,000","1,001,400,000","1,083,200,000","974,200,000","1,000,900,000","1,092,800,000","1,134,000,000","998,100,000","867,600,000","898,800,000","1,018,700,000","935,400,000","768,400,000","830,300,000","861,000,000","670,300,000","578,200,000","657,600,000","714,500,000","629,500,000","577,200,000","607,900,000","645,500,000","546,200,000","524,900,000","589,100,000","640,700,000","552,500,000","397,600,000","447,000,000","506,300,000","449,300,000","457,200,000","566,600,000","686,700,000","627,500,000","528,200,000","588,200,000","639,900,000","565,900,000","497,700,000","530,500,000","581,900,000","483,800,000","440,600,000","390,600,000","414,700,000","413,300,000","378,000,000","407,300,000","423,900,000","302,000,000","287,900,000","338,000,000","370,800,000","318,500,000","277,100,000","493,300,000","497,700,000","414,000,000","376,800,000","415,800,000","443,500,000","409,300,000","410,500,000","450,900,000","488,000,000","375,200,000","352,800,000","384,900,000","403,400,000","336,900,000","298,800,000","333,900,000","320,200,000","272,500,000","142,900,000","138,900,000","164,300,000","165,300,000","158,000,000","155,000,000","155,500,000","163,000,000","185,500,000","147,200,000"
			RawMaterials,"1,200,000,000","1,064,000,000","1,012,000,000","945,000,000","868,000,000","889,000,000","852,000,000","881,000,000","827,000,000","808,000,000","720,000,000","698,000,000","690,000,000","727,000,000","694,000,000","727,000,000","719,000,000","691,000,000","654,000,000","665,000,000","653,000,000","607,000,000","626,000,000","624,000,000","402,000,000","437,800,000","441,900,000","443,400,000","439,800,000","479,200,000","456,000,000","459,900,000","440,400,000","465,600,000","441,600,000","425,200,000","397,000,000","426,700,000","380,300,000","371,500,000","381,700,000","442,400,000","419,000,000","440,500,000","462,200,000","478,000,000","351,400,000","337,300,000","366,000,000","462,500,000","420,400,000","399,300,000","442,500,000","461,400,000","413,100,000","419,400,000","396,300,000","433,600,000","357,800,000","386,200,000","428,900,000","445,600,000","373,300,000","369,500,000","319,100,000","277,400,000","215,500,000","214,000,000","232,700,000","256,500,000","202,700,000","201,600,000","208,400,000","199,600,000","182,800,000","183,400,000","177,400,000","183,000,000","127,500,000","134,100,000","152,500,000","148,900,000","149,400,000","179,400,000","208,500,000",,,,,,,,,,,,,,,,,,,,,,,,,,,,,,,,,,,,,,,,,,,,,,,,,,,
			WorkInProcess,"1,214,000,000","821,000,000","716,000,000","639,000,000","624,000,000","557,000,000","551,000,000","604,000,000","613,000,000","548,000,000","541,000,000","564,000,000","656,000,000","614,000,000","617,000,000","587,000,000","794,000,000","902,000,000","820,000,000","896,000,000","930,000,000","839,000,000","834,000,000","892,000,000","599,000,000","504,200,000","476,800,000","526,700,000","633,500,000","579,200,000","562,200,000","617,000,000","692,600,000","609,600,000","588,100,000","724,100,000","796,200,000","664,500,000","612,700,000","664,100,000","742,800,000","630,100,000","675,600,000","756,200,000","783,500,000","605,900,000","547,500,000","538,900,000","653,400,000","481,700,000","486,500,000","602,100,000","640,700,000","512,800,000","587,800,000","673,400,000","737,700,000","564,500,000","509,800,000","512,600,000","589,800,000","489,800,000","395,100,000","460,800,000","541,900,000","392,900,000","362,700,000","443,600,000","481,800,000","373,000,000","374,500,000","406,300,000","437,100,000","346,600,000","342,100,000","405,700,000","463,300,000","369,500,000","270,100,000","312,900,000","353,800,000","300,400,000","307,800,000","387,200,000","478,200,000",,,,,,,,,,,,,,,,,,,,,,,,,,,,,,,,,,,,,,,,,,,,,,,,,,,
			InventoriesAdjustmentsAllowances,"-91,000,000","-90,000,000","-90,000,000","-94,000,000","-93,000,000","-93,000,000","-94,000,000","-97,000,000","-86,000,000","-82,000,000","-81,000,000","-79,000,000","-71,000,000","-70,000,000","-68,000,000","-57,000,000","-66,000,000","-67,000,000","-41,000,000","-37,000,000","-29,000,000","-33,000,000","-42,000,000","-33,000,000","-45,000,000","-43,600,000","-42,700,000","-41,100,000","-40,100,000","-41,700,000","-45,500,000","-48,700,000","-51,400,000","-46,900,000","-49,400,000","-48,900,000","-49,600,000","-46,800,000",,,,,,,,,,,,,,,,,,,,,,,,,,,,,,,,,,,,,,,,,,,,,,,,,,,,,,,,,,,,,,,,,,,,,,,,,,,,,,,,,,,,,,,,,,,,,,,,,,
		PrepaidAssets,,,,,,,,,,,,,,,,,,,,,,,,,,,,,,,,,,,,,,,,,,,,,,,,,,,,,,,,,,,,,,,,,,,,,"108,500,000",,,,,,,,,,,,,,,,,,,,,,,,,,,,,,,,,,,,,,,,,,,,,,,,,,,,,,,,,,,,,,,,,,,
		RestrictedCash,,"16,000,000",,,,,,,,,,,,,,,,,,,,,,,,,,,,,,,,,,,,,,,,,,,,,,,,,,,,,,,,,,,,,,,,,,,,,,,,,,,,,,,,,,,,,,,,,,,,,,,,,,,,,,,,,,,,,,,,,,,,,,,,,,,,,,,,,,,,,,
		CurrentDeferredAssets,,,,,,,,,,,,,,,,,,,,,,,,"294,000,000","140,000,000","176,200,000","164,400,000","156,800,000","162,200,000","148,300,000","167,200,000","162,800,000","166,200,000","162,000,000","189,400,000","225,700,000","213,400,000","190,800,000","189,800,000","209,500,000","184,300,000","173,200,000","181,600,000","168,000,000","196,000,000","117,500,000","113,200,000","135,800,000","111,800,000","106,000,000","112,500,000","112,600,000","111,600,000","326,300,000","128,200,000","170,200,000","156,200,000","110,500,000","80,100,000","93,400,000","90,700,000","94,900,000","98,700,000","139,000,000","103,500,000","117,900,000","96,000,000","88,500,000","85,100,000","70,600,000","66,000,000","77,000,000","89,400,000","90,700,000","47,800,000","60,000,000","58,800,000","66,900,000","64,500,000","67,300,000","81,800,000","89,100,000","100,500,000","103,600,000","84,100,000",,,,,,,,,,,,,,,,,,,,,,,,,,,,,,,,,,,,,,,,,,,,,,,,,,,
			CurrentDeferredTaxesAssets,,,,,,,,,,,,,,,,,,,,,,,,"294,000,000","140,000,000","176,200,000","164,400,000","156,800,000","162,200,000","148,300,000","167,200,000","162,800,000","166,200,000","162,000,000","189,400,000","225,700,000","213,400,000","190,800,000","189,800,000","209,500,000","184,300,000","173,200,000","181,600,000","168,000,000","196,000,000","117,500,000","113,200,000","135,800,000","111,800,000","106,000,000","112,500,000","112,600,000","111,600,000","326,300,000","128,200,000","170,200,000","156,200,000","110,500,000","80,100,000","93,400,000","90,700,000","94,900,000","98,700,000","139,000,000","103,500,000","117,900,000","96,000,000","88,500,000","85,100,000","70,600,000","66,000,000","77,000,000","89,400,000","90,700,000","47,800,000","60,000,000","58,800,000","66,900,000","64,500,000","67,300,000","81,800,000","89,100,000","100,500,000","103,600,000","84,100,000",,,,,,,,,,,,,,,,,,,,,,,,,,,,,,,,,,,,,,,,,,,,,,,,,,,
		AssetsHeldForSaleCurrent,,,,,,,,,,,,"470,000,000","452,000,000",,,"850,000,000",,,,,,,,,,,,,,,,,,,,,,,,,,,,"0","0",,,,,,,,,,,,,,,,,,,,,,,,,,,,,,,,,,,,,,,,,,,,,,,,,,,,,,,,,,,,,,,,,,,,,,,,,,,,,,,,,,,,,,,,,,,
		OtherCurrentAssets,"418,000,000","305,000,000","344,000,000","348,000,000","262,000,000","218,000,000","173,000,000","169,000,000","224,000,000","181,000,000","209,000,000","160,000,000","184,000,000","146,000,000","147,000,000","206,000,000","146,000,000","150,000,000","148,000,000","171,000,000","200,000,000","152,000,000","252,000,000","238,000,000",,,,,,,,,"166,200,000",,"189,400,000","225,700,000","213,400,000",,,,,,,,,,,"327,600,000","78,200,000",,,,,,,,,,,,,,,,,,,,,,,,,,,,,,,,,,,,,"86,000,000","82,100,000","82,600,000","77,100,000","73,900,000","73,000,000","79,700,000","85,400,000","94,300,000","56,200,000","56,600,000","57,200,000","57,900,000","57,700,000","58,100,000","65,100,000","49,500,000","80,400,000","85,300,000","89,100,000","69,100,000","64,300,000","57,500,000","61,200,000","69,200,000","61,600,000","63,500,000","73,800,000","83,300,000","63,400,000","51,100,000","40,600,000","28,600,000","7,700,000","19,200,000","21,100,000","30,200,000","8,300,000","19,200,000","18,100,000","21,800,000","7,800,000","12,200,000","18,800,000","22,100,000","11,700,000","17,300,000","26,600,000","21,500,000","26,500,000","3,900,000"
	TotalNonCurrentAssets,"14,620,000,000","14,491,000,000","14,215,000,000","14,117,000,000","13,742,000,000","13,577,000,000","12,947,000,000","12,600,000,000","12,304,000,000","12,476,000,000","12,408,000,000","12,576,000,000","12,524,000,000","12,614,000,000","12,610,000,000","12,660,000,000","13,571,000,000","13,411,000,000","13,073,000,000","12,956,000,000","12,737,000,000","12,520,000,000","12,956,000,000","14,991,000,000","7,736,000,000","7,593,000,000","5,344,400,000","5,347,800,000","5,192,600,000","5,257,500,000","5,236,100,000","5,351,600,000","5,340,200,000","5,354,100,000","5,283,800,000","5,196,100,000","5,153,300,000","5,167,700,000","4,953,700,000","4,927,800,000","5,042,600,000","4,962,700,000","4,964,500,000","5,125,800,000","5,068,600,000","4,622,000,000","4,621,000,000","4,068,400,000","4,448,200,000","4,565,000,000","4,115,000,000","4,094,700,000","4,098,200,000","4,203,400,000","4,194,900,000","4,415,200,000","4,391,000,000","4,177,700,000","4,135,500,000","4,068,600,000","4,058,800,000","4,079,600,000","4,034,300,000","4,060,300,000","3,976,700,000","3,117,600,000","3,050,300,000","3,065,200,000","3,182,400,000","3,232,100,000","3,123,400,000","3,111,800,000","3,104,200,000","3,146,100,000","3,036,400,000","3,067,900,000","2,954,800,000","2,907,900,000","1,562,400,000","1,538,100,000","1,529,900,000","1,520,100,000","1,424,700,000","1,454,300,000","1,650,000,000","1,680,500,000","1,681,200,000","1,700,800,000","1,788,300,000","1,836,300,000","1,824,700,000","1,889,300,000","1,928,700,000","1,969,200,000","2,032,400,000","1,258,700,000","1,278,100,000","1,292,000,000","1,306,100,000","1,281,000,000","1,279,700,000","934,200,000","1,138,400,000","1,095,600,000","1,077,600,000","1,019,800,000","956,600,000","1,105,900,000","1,083,200,000","1,061,700,000","1,066,100,000","1,070,800,000","1,091,500,000","1,103,500,000","1,125,400,000","1,086,600,000","1,119,200,000","944,700,000","911,500,000","970,100,000","968,800,000","924,600,000","922,900,000","911,600,000","755,200,000","765,400,000","577,700,000","563,200,000","563,200,000","564,000,000","566,700,000","563,100,000","544,800,000","479,200,000","401,500,000","376,800,000"
		NetPPE,"7,126,000,000","6,922,000,000","6,576,000,000","6,298,000,000","5,950,000,000","5,653,000,000","5,186,000,000","4,910,000,000","4,760,000,000","4,709,000,000","4,562,000,000","4,625,000,000","4,596,000,000","4,542,000,000","4,508,000,000","4,473,000,000","4,727,000,000","4,610,000,000","4,525,000,000","4,424,000,000","4,403,000,000","4,387,000,000","4,440,000,000","4,396,000,000","2,730,000,000","2,685,900,000","2,547,300,000","2,483,400,000","2,423,600,000","2,430,700,000","2,371,100,000","2,383,300,000","2,360,200,000","2,372,300,000","2,360,100,000","2,306,100,000","2,293,500,000","2,288,600,000","2,220,200,000","2,203,700,000","2,255,600,000","2,265,400,000","2,242,500,000","2,263,000,000","2,217,000,000","2,048,200,000","1,996,100,000","1,656,300,000","1,875,700,000","1,949,000,000","1,812,100,000","1,822,500,000","1,813,800,000","1,866,900,000","1,934,500,000","2,016,000,000","1,999,900,000","1,941,200,000","1,941,000,000","1,913,800,000","1,889,200,000","1,876,000,000","1,821,600,000","1,831,400,000","1,821,100,000","1,556,600,000","1,507,300,000","1,504,500,000","1,534,800,000","1,532,400,000","1,437,600,000","1,455,900,000","1,466,900,000","1,471,100,000","1,436,700,000","1,455,800,000","1,433,000,000","1,445,900,000","931,300,000","907,300,000","905,900,000","904,400,000","868,000,000","892,800,000","987,500,000","1,003,700,000","1,023,900,000","1,039,800,000","1,093,300,000","1,121,200,000","1,118,700,000","1,147,900,000","1,158,100,000","1,174,400,000","1,294,700,000","865,800,000","881,300,000","919,500,000","951,500,000","922,400,000","940,300,000","699,000,000","715,800,000","697,000,000","675,700,000","628,600,000","581,800,000","807,800,000","789,700,000","779,900,000","783,400,000","797,300,000","810,400,000","822,700,000","827,300,000","828,700,000","852,900,000","709,900,000","692,900,000","774,900,000","781,200,000","760,500,000","758,700,000","762,800,000","604,000,000","610,100,000","416,700,000","423,100,000","431,800,000","434,700,000","438,700,000","441,700,000","433,000,000","401,900,000","366,000,000","337,300,000"
			GrossPPE,"11,022,000,000","10,723,000,000","10,381,000,000","10,038,000,000","9,577,000,000","9,215,000,000","8,587,000,000","8,189,000,000","7,895,000,000","7,772,000,000","7,453,000,000","7,432,000,000","7,280,000,000","7,277,000,000","7,182,000,000","7,076,000,000","7,609,000,000","7,386,000,000","7,174,000,000","6,946,000,000","6,740,000,000","6,632,000,000","6,654,000,000","6,532,000,000","5,504,000,000","5,404,900,000","5,256,600,000","5,158,400,000","5,014,600,000","5,033,200,000","4,975,300,000","4,987,600,000","4,924,100,000","4,929,200,000","4,867,000,000","4,769,200,000","4,696,200,000","4,665,100,000","4,518,500,000","4,437,400,000","4,480,600,000","4,497,300,000","4,481,000,000","4,507,400,000","4,391,600,000","4,127,100,000","4,058,000,000","3,633,400,000","4,225,100,000","4,278,500,000","4,137,400,000","4,092,800,000","4,006,300,000","4,031,600,000","4,126,100,000","4,178,800,000","4,105,100,000","3,981,200,000","3,941,200,000","3,831,500,000","3,748,500,000","3,686,300,000","3,626,900,000","3,576,000,000","3,498,700,000","3,153,400,000","3,067,900,000","3,011,100,000","3,015,900,000","2,974,500,000","2,840,000,000","2,799,900,000","2,764,700,000","2,736,900,000","2,654,200,000","2,632,300,000","2,560,300,000","2,527,300,000","2,000,600,000","1,954,100,000","1,919,100,000","1,904,800,000","1,852,300,000","1,850,600,000","1,912,800,000","1,901,200,000","1,920,400,000","1,904,700,000","1,939,200,000","1,934,600,000","1,901,400,000","1,907,600,000","1,889,000,000","1,882,900,000","2,004,200,000","1,546,000,000","1,543,700,000","1,556,100,000","1,644,900,000","1,591,300,000","1,586,100,000","1,269,500,000","1,267,500,000","1,229,700,000","1,210,400,000","1,146,800,000","1,095,800,000","1,553,100,000","1,508,200,000","1,486,000,000","1,485,900,000","1,472,300,000","1,457,300,000","1,449,300,000","1,431,800,000","1,408,400,000","1,409,200,000","1,242,200,000","1,213,800,000","1,388,700,000","1,369,600,000","1,325,200,000","1,301,500,000","1,280,000,000","1,065,200,000","1,051,900,000","731,200,000","726,300,000","725,200,000","715,400,000","715,000,000","708,900,000","683,800,000","629,600,000","627,300,000","569,000,000"
				Properties,"0","0","0","0","0","0","0","0","0","0","0","0","0","0","0","0","0","0","0","0","0","0","0","0","0","0","0","0","0","0","0","0","0","0","0","0","0","0","0","0","0","0","0","0","0","0","0","0","0","0","0","0","0","0","0","0","0","0","0","0","0","0","0","0","0","0","0","0","0","0","0","0","0","0","0","0","0","0","0","0","0","0","0","0","0",,,,,,,,,,,,,,,,,,,,,,,,,,,,,,,,,,,,,,,,,,,,,,,,,,,
				LandAndImprovements,"184,000,000","167,000,000","165,000,000","164,000,000","161,000,000","163,000,000","160,000,000","153,000,000","151,000,000","153,000,000","148,000,000","152,000,000","159,000,000","159,000,000","171,000,000","170,000,000","174,000,000","172,000,000","173,000,000","171,000,000","101,000,000","105,000,000","107,000,000","101,000,000","71,000,000","69,500,000","63,500,000","63,800,000","63,900,000","64,600,000","65,800,000","68,000,000","68,000,000","67,600,000","79,200,000","78,900,000","83,300,000","82,600,000","87,700,000","87,000,000","91,100,000","89,400,000","93,100,000","101,500,000","99,800,000","95,000,000","92,000,000","82,900,000","90,800,000","92,600,000","90,100,000","89,100,000","87,300,000","89,000,000","90,500,000","96,300,000","95,000,000","92,200,000","91,800,000","89,800,000","88,100,000","88,500,000","88,300,000","89,600,000","88,600,000","81,100,000","79,600,000","78,900,000","80,700,000","81,700,000","76,000,000","79,400,000","78,300,000","75,000,000","73,900,000","73,400,000","69,900,000","69,900,000","49,600,000","49,600,000","48,900,000","49,500,000","48,500,000","48,800,000","51,800,000",,,,,,,,,,,,,,,,,,,,,,,,,,,,,,,,,,,,,,,,,,,,,,,,,,,
				BuildingsAndImprovements,"2,134,000,000","2,081,000,000","1,944,000,000","1,867,000,000","1,708,000,000","1,653,000,000","1,533,000,000","1,466,000,000","1,425,000,000","1,433,000,000","1,352,000,000","1,296,000,000","1,306,000,000","1,359,000,000","1,324,000,000","1,318,000,000","1,391,000,000","1,390,000,000","1,377,000,000","1,357,000,000","1,313,000,000","1,301,000,000","1,259,000,000","1,201,000,000","1,036,000,000","1,023,000,000","984,300,000","986,700,000","967,500,000","973,400,000","965,100,000","982,000,000","981,000,000","980,900,000","963,500,000","963,000,000","956,600,000","934,300,000","892,200,000","885,200,000","885,700,000","881,300,000","899,800,000","907,200,000","892,300,000","848,700,000","864,700,000","779,000,000","868,200,000","883,000,000","839,100,000","831,100,000","790,200,000","798,500,000","823,100,000","851,400,000","839,400,000","820,100,000","812,600,000","796,800,000","771,300,000","764,100,000","747,100,000","723,900,000","735,600,000","804,300,000","754,300,000","742,000,000","733,900,000","735,400,000","710,900,000","701,000,000","695,000,000","681,000,000","661,000,000","648,300,000","626,500,000","609,500,000","495,300,000","472,700,000","463,700,000","456,800,000","443,700,000","438,500,000","442,000,000",,,,,,,,,,,,,,,,,,,,,,,,,,,,,,,,,,,,,,,,,,,,,,,,,,,
				MachineryFurnitureEquipment,"7,016,000,000","6,876,000,000","6,736,000,000","6,607,000,000","6,338,000,000","6,214,000,000","5,869,000,000","5,696,000,000","5,467,000,000","5,513,000,000","5,203,000,000","5,197,000,000","5,069,000,000","5,250,000,000","5,120,000,000","5,034,000,000","5,378,000,000","5,282,000,000","5,075,000,000","4,986,000,000","4,872,000,000","4,723,000,000","4,735,000,000","4,722,000,000","4,037,000,000","3,904,200,000","3,776,000,000","3,744,300,000","3,623,600,000","3,612,500,000","3,615,700,000","3,664,400,000","3,655,600,000","3,647,800,000","3,541,100,000","3,495,400,000","3,391,100,000","3,407,600,000","3,312,600,000","3,266,100,000","3,180,900,000","3,235,200,000","3,175,900,000","3,211,700,000","3,119,600,000","2,945,600,000","2,937,700,000","2,652,500,000","3,132,900,000","3,167,300,000","3,075,200,000","3,044,100,000","2,965,600,000","2,992,900,000","3,028,300,000","3,036,600,000","3,007,700,000","2,914,200,000","2,895,600,000","2,816,600,000","2,635,600,000","2,618,600,000","2,597,900,000","2,578,100,000","2,503,900,000","2,268,000,000","2,234,000,000","2,190,200,000","2,201,300,000","2,157,400,000","2,053,100,000","2,019,500,000","1,991,400,000","1,980,900,000","1,919,300,000","1,910,600,000","1,863,900,000","1,847,900,000","1,455,700,000","1,431,800,000","1,406,500,000","1,398,500,000","1,360,100,000","1,363,300,000","1,419,000,000",,,,,,,,,,,,,,,,,,,,,,,,,,,,,,,,,,,,,,,,,,,,,,,,,,,
				OtherProperties,"443,000,000","420,000,000","406,000,000","383,000,000","380,000,000","302,000,000","291,000,000","248,000,000","261,000,000","239,000,000","242,000,000","240,000,000","236,000,000","4,542,000,000","4,508,000,000","4,473,000,000","4,727,000,000","4,610,000,000","4,525,000,000","4,424,000,000","4,403,000,000","4,379,000,000","4,440,000,000","4,396,000,000","2,730,000,000","2,685,900,000","2,547,300,000","2,483,400,000","2,423,600,000","2,430,700,000","2,371,100,000","2,383,300,000","2,360,200,000","2,372,300,000","2,360,100,000","2,306,100,000","2,293,500,000","2,288,600,000",,,,,,,,,,,,,,,,,,,,,,,,,,,,,,,,,,,,,,,,,,,,,,,,,,,,,,,,,,,,,,,,,,,,,,,,,,,,,,,,,,,,,,,,,,,,,,,,,,
				ConstructionInProgress,"1,245,000,000","1,179,000,000","1,130,000,000","1,017,000,000","990,000,000","883,000,000","734,000,000","626,000,000","591,000,000","434,000,000","508,000,000","547,000,000","510,000,000","509,000,000","567,000,000","554,000,000","666,000,000","542,000,000","549,000,000","432,000,000","454,000,000","503,000,000","553,000,000","508,000,000","360,000,000","408,200,000","432,800,000","363,600,000","359,600,000","382,700,000","328,700,000","273,200,000","219,500,000","232,900,000","283,200,000","231,900,000","265,200,000","240,600,000","226,000,000","199,100,000","322,900,000","291,400,000","312,200,000","287,000,000","279,900,000","237,800,000","163,600,000","119,000,000","133,200,000","135,600,000","133,000,000","128,500,000","163,200,000","151,200,000","184,200,000","194,500,000","163,000,000","154,700,000","141,200,000","128,300,000","253,500,000","215,100,000","193,600,000","184,400,000","170,600,000",,,,,,,,,,,,,,,,,,,,,,,,,,,,,,,,,,,,,,,,,,,,,,,,,,,,,,,,,,,,,,,,,,,,,,,
			AccumulatedDepreciation,"-3,896,000,000","-3,801,000,000","-3,805,000,000","-3,740,000,000","-3,627,000,000","-3,562,000,000","-3,401,000,000","-3,279,000,000","-3,135,000,000","-3,063,000,000","-2,891,000,000","-2,807,000,000","-2,684,000,000","-2,735,000,000","-2,674,000,000","-2,603,000,000","-2,882,000,000","-2,776,000,000","-2,649,000,000","-2,522,000,000","-2,337,000,000","-2,245,000,000","-2,214,000,000","-2,136,000,000","-2,774,000,000","-2,719,000,000","-2,709,300,000","-2,675,000,000","-2,591,000,000","-2,602,500,000","-2,604,200,000","-2,604,300,000","-2,563,900,000","-2,556,900,000","-2,506,900,000","-2,463,100,000","-2,402,700,000","-2,376,500,000","-2,298,300,000","-2,233,700,000","-2,225,000,000","-2,231,900,000","-2,238,500,000","-2,244,400,000","-2,174,600,000","-2,078,900,000","-2,061,900,000","-1,977,100,000","-2,349,400,000","-2,329,500,000","-2,325,300,000","-2,270,300,000","-2,192,500,000","-2,164,700,000","-2,191,600,000","-2,162,800,000","-2,105,200,000","-2,040,000,000","-2,000,200,000","-1,917,700,000","-1,859,300,000","-1,810,300,000","-1,805,300,000","-1,744,600,000","-1,677,600,000","-1,596,800,000","-1,560,600,000","-1,506,600,000","-1,481,100,000","-1,442,100,000","-1,402,400,000","-1,344,000,000","-1,297,800,000","-1,265,800,000","-1,217,500,000","-1,176,500,000","-1,127,300,000","-1,081,400,000","-1,069,300,000","-1,046,800,000","-1,013,200,000","-1,000,400,000","-984,300,000","-957,800,000","-925,300,000","-897,500,000","-896,500,000","-864,900,000","-845,900,000","-813,400,000","-782,700,000","-759,700,000","-730,900,000","-708,500,000","-709,500,000","-680,200,000","-662,400,000","-636,600,000","-693,400,000","-668,900,000","-645,800,000","-570,500,000","-551,700,000","-532,700,000","-534,700,000","-518,200,000","-514,000,000","-745,300,000","-718,500,000","-706,100,000","-702,500,000","-675,000,000","-646,900,000","-626,600,000","-604,500,000","-579,700,000","-556,300,000","-532,300,000","-520,900,000","-613,800,000","-588,400,000","-564,700,000","-542,800,000","-517,200,000","-461,200,000","-441,800,000","-314,500,000","-303,200,000","-293,400,000","-280,700,000","-276,300,000","-267,200,000","-250,800,000","-227,700,000","-261,300,000","-231,700,000"
		GoodwillAndOtherIntangibleAssets,"5,951,000,000","6,066,000,000","6,139,000,000","6,233,000,000","6,229,000,000","6,367,000,000","6,298,000,000","6,216,000,000","6,184,000,000","6,421,000,000","6,398,000,000","6,537,000,000","6,547,000,000","6,663,000,000","6,744,000,000","6,821,000,000","7,402,000,000","7,395,000,000","7,398,000,000","7,370,000,000","7,069,000,000","7,029,000,000","7,257,000,000","7,235,000,000","2,451,000,000","2,371,500,000","2,403,800,000","2,411,300,000","2,381,000,000","2,454,200,000","2,509,300,000","2,600,900,000","2,622,900,000","2,635,400,000","2,612,900,000","2,570,600,000","2,547,800,000","2,572,700,000","2,463,100,000","2,724,100,000","2,787,000,000","2,427,700,000","2,722,000,000","2,862,800,000","2,851,600,000","2,522,900,000","2,543,100,000","2,349,000,000","2,488,500,000","2,535,400,000","2,231,600,000","2,174,500,000","2,147,200,000","2,336,500,000","2,260,400,000","2,066,500,000","2,072,000,000","1,985,000,000","1,962,400,000","1,910,600,000","1,900,900,000","1,889,900,000","1,841,300,000","1,858,200,000","1,779,300,000","1,258,600,000","1,543,000,000","1,287,900,000","1,647,600,000","1,699,700,000","1,380,500,000","1,314,400,000","1,300,900,000","1,336,900,000","1,245,900,000","1,318,800,000","1,521,800,000","1,148,100,000","631,100,000","630,800,000","624,000,000","615,700,000","556,700,000","561,500,000","662,500,000","676,800,000","657,300,000","661,000,000","695,000,000","715,100,000","706,000,000","741,400,000","770,600,000","794,800,000","519,200,000","212,800,000","212,100,000",,"168,700,000","167,600,000","243,600,000",,"153,500,000","145,000,000","144,500,000","66,100,000","63,300,000","93,900,000","93,200,000","93,800,000","98,500,000","99,000,000","99,900,000","101,500,000",,,,"45,100,000",,,,"40,800,000",,,,"13,100,000",,,,,,,,,,
			Goodwill,"4,324,000,000","4,378,000,000","4,407,000,000","4,448,000,000","4,416,000,000","4,484,000,000","4,401,000,000","4,314,000,000","4,270,000,000","4,419,000,000","4,371,000,000","4,433,000,000","4,410,000,000","4,475,000,000","4,497,000,000","4,516,000,000","4,970,000,000","4,933,000,000","4,908,000,000","4,858,000,000","5,152,000,000","5,095,000,000","5,211,000,000","5,183,000,000","2,251,000,000","2,176,500,000","2,204,100,000","2,209,200,000","2,177,800,000","2,254,500,000","2,300,600,000","2,385,100,000","2,398,800,000","2,404,300,000","2,379,800,000","2,334,900,000","2,319,500,000","2,359,400,000","2,249,100,000","2,222,300,000","2,281,000,000","2,247,100,000","2,283,100,000","2,372,000,000","2,320,200,000","2,105,300,000","2,111,500,000","1,887,600,000","2,044,000,000","2,114,800,000","1,867,900,000","1,821,800,000","1,777,500,000","1,825,500,000","1,864,200,000","1,951,600,000","1,952,600,000","1,863,100,000","1,837,800,000","1,783,800,000","1,770,400,000","1,773,700,000","1,724,800,000","1,710,000,000","1,738,400,000",,,,,,,,,,,,,"1,148,100,000",,,,,,,,,,,,,,,,,,,,,,,,,,,,,,,,,,,,,,,,,,,,,,,,,,,,,,,,,,
			OtherIntangibleAssets,"1,627,000,000","1,688,000,000","1,732,000,000","1,785,000,000","1,813,000,000","1,883,000,000","1,897,000,000","1,902,000,000","1,914,000,000","2,002,000,000","2,027,000,000","2,104,000,000","2,137,000,000","2,188,000,000","2,247,000,000","2,305,000,000","2,432,000,000","2,462,000,000","2,490,000,000","2,512,000,000","1,917,000,000","1,934,000,000","2,046,000,000","2,052,000,000","200,000,000","195,000,000","199,700,000","202,100,000","203,200,000","199,700,000","208,700,000","215,800,000","224,100,000","231,100,000","233,100,000","235,700,000","228,300,000","213,300,000","214,000,000","501,800,000","506,000,000","180,600,000","438,900,000","490,800,000","531,400,000","417,600,000","431,600,000","461,400,000","444,500,000","420,600,000","363,700,000","352,700,000","369,700,000","511,000,000","396,200,000","114,900,000","119,400,000","121,900,000","124,600,000","126,800,000","130,500,000","116,200,000","116,500,000","148,200,000","40,900,000","1,258,600,000","1,543,000,000","1,287,900,000","1,647,600,000","1,699,700,000","1,380,500,000","1,314,400,000","1,300,900,000","1,336,900,000","1,245,900,000","1,318,800,000","1,521,800,000",,"631,100,000","630,800,000","624,000,000","615,700,000","556,700,000","561,500,000","662,500,000","676,800,000","657,300,000","661,000,000","695,000,000","715,100,000","706,000,000","741,400,000","770,600,000","794,800,000","519,200,000","212,800,000","212,100,000",,"168,700,000","167,600,000","243,600,000",,"153,500,000","145,000,000","144,500,000","66,100,000","63,300,000","93,900,000","93,200,000","93,800,000","98,500,000","99,000,000","99,900,000","101,500,000",,,,"45,100,000",,,,"40,800,000",,,,"13,100,000",,,,,,,,,,
		InvestmentsAndAdvances,"190,000,000","184,000,000","182,000,000","305,000,000","306,000,000","321,000,000","304,000,000","295,000,000","289,000,000","291,000,000","282,000,000","284,000,000","285,000,000","302,000,000","314,000,000","274,000,000","281,000,000","274,000,000","257,000,000","252,000,000","213,000,000","204,000,000","210,000,000","201,000,000","34,000,000","34,300,000","33,700,000","33,900,000","31,300,000","33,200,000","33,900,000","35,700,000","34,400,000","33,700,000","33,600,000","33,100,000","31,500,000","32,200,000","31,900,000",,,"26,400,000",,,,"0","0","0","0","0","0","0","0",,,,,,,,,,,,,,,,,,,,,,,,,,,,,,,,,,,,,,,,,,,,,,,,,,,,,,,,,,,,,,,,,,,,,,,,,,,,,,,,,,,
			LongTermEquityInvestment,"190,000,000","184,000,000","182,000,000","305,000,000","306,000,000","321,000,000","304,000,000","295,000,000","289,000,000","291,000,000","282,000,000","284,000,000","285,000,000","302,000,000","314,000,000","274,000,000","281,000,000","274,000,000","257,000,000","252,000,000","213,000,000","204,000,000","210,000,000","201,000,000","34,000,000","34,300,000","33,700,000","33,900,000","31,300,000","33,200,000","33,900,000","35,700,000","34,400,000","33,700,000","33,600,000","33,100,000","31,500,000","32,200,000",,,,,,,,,,,,,,,,,,,,,,,,,,,,,,,,,,,,,,,,,,,,,,,,,,,,,,,,,,,,,,,,,,,,,,,,,,,,,,,,,,,,,,,,,,,,,,,,,,
				InvestmentsinAssociatesatCost,"190,000,000","184,000,000","182,000,000","305,000,000","306,000,000","321,000,000","304,000,000","295,000,000","289,000,000","291,000,000","282,000,000","284,000,000","285,000,000","302,000,000","314,000,000","274,000,000","281,000,000","274,000,000","257,000,000","252,000,000","213,000,000","204,000,000","210,000,000","201,000,000","34,000,000","34,300,000","33,700,000","33,900,000","31,300,000","33,200,000","33,900,000","35,700,000","34,400,000","33,700,000","33,600,000","33,100,000","31,500,000","32,200,000",,,,,,,,,,,,,,,,,,,,,,,,,,,,,,,,,,,,,,,,,,,,,,,,,,,,,,,,,,,,,,,,,,,,,,,,,,,,,,,,,,,,,,,,,,,,,,,,,,
		FinancialAssets,,,,,,,,,,,,,,,,,,,,,,,,,,,"2,500,000","85,600,000",,,,,,,,,,,,,,"7,200,000",,,,"50,900,000","81,800,000","63,100,000","84,000,000","80,600,000","71,300,000","97,700,000","137,200,000",,,,,,,,,,,,,,,,,,,,,,,,,,,,,,,,,,,,,,,,,,,,,,,,,,,,,,,,,,,,,,,,,,,,,,,,,,,,,,,,,,,
		NonCurrentDeferredAssets,"88,000,000","126,000,000","154,000,000","155,000,000","192,000,000","227,000,000","267,000,000","278,000,000","264,000,000","241,000,000","203,000,000","189,000,000","198,000,000","237,000,000","202,000,000","266,000,000","316,000,000","325,000,000","409,000,000","447,000,000","575,000,000","443,000,000","409,000,000","557,000,000","204,000,000","139,300,000","148,700,000","112,600,000","126,800,000","102,800,000","37,900,000","39,900,000","41,600,000","46,200,000","47,800,000","49,400,000","35,500,000","37,300,000","38,900,000",,,"29,700,000",,,,,,,,,,,,,,,"1,200,000","4,300,000","8,600,000","23,200,000","33,500,000","34,900,000","31,400,000","32,300,000","80,500,000",,,,,,,,,,,,,,,,,,,,,,,,,,,,,,,,,,,,,,,,,,,,,,,,,,,,,,,,,,,,,,,,,,,,,,,
			NonCurrentDeferredTaxesAssets,"88,000,000","126,000,000","154,000,000","155,000,000","192,000,000","227,000,000","267,000,000","278,000,000","264,000,000","241,000,000","203,000,000","189,000,000","198,000,000","237,000,000","202,000,000","266,000,000","316,000,000","325,000,000","409,000,000","447,000,000","575,000,000","443,000,000","409,000,000","557,000,000","204,000,000","59,600,000","87,100,000","50,200,000","70,600,000","66,500,000",,,,,,,,,,,,"29,700,000",,,,,,,,,,,,,,,"1,200,000","4,300,000","8,600,000","23,200,000","33,500,000","34,900,000","31,400,000","32,300,000","80,500,000",,,,,,,,,,,,,,,,,,,,,,,,,,,,,,,,,,,,,,,,,,,,,,,,,,,,,,,,,,,,,,,,,,,,,,,
		DefinedPensionBenefit,"565,000,000","579,000,000","569,000,000","579,000,000","572,000,000","562,000,000","442,000,000","419,000,000","414,000,000","437,000,000","561,000,000","572,000,000","579,000,000","559,000,000","508,000,000","508,000,000","532,000,000","504,000,000","172,000,000","163,000,000","154,000,000","147,000,000","364,000,000",,,,,,,,,,,,,,,,,,,,,,,,,,,,,,,,,,,,,,,,,,,,,,,,,,,,,,,,,,,,,,,,,,,,,,,,,,,,,,,,,,,,,,,,,,,,,,,,,,,,,,,,,,,,,,,,,
		OtherNonCurrentAssets,"700,000,000","614,000,000","595,000,000","547,000,000","493,000,000","447,000,000","450,000,000","482,000,000","393,000,000","377,000,000","402,000,000","369,000,000","319,000,000","311,000,000","334,000,000","318,000,000","313,000,000","303,000,000","312,000,000","300,000,000","323,000,000","310,000,000","276,000,000","2,602,000,000","2,317,000,000","2,362,000,000","208,400,000","221,000,000","229,900,000","236,600,000","283,900,000","291,800,000","281,100,000","266,500,000","229,400,000","236,900,000","245,000,000","236,900,000","199,600,000","501,800,000","506,000,000","206,300,000","438,900,000","490,800,000","531,400,000",,"513,400,000","524,500,000","528,500,000",,"435,000,000","450,400,000",,,,"332,700,000","317,900,000","247,200,000","223,500,000","221,000,000","235,200,000","278,800,000","340,000,000","338,400,000","295,800,000","302,400,000",,"272,800,000",,,"305,300,000","341,500,000","336,400,000","338,100,000","353,800,000","293,300,000",,"313,900,000",,,,,,,,,,,,,,,,,"218,500,000","180,100,000","184,700,000","372,500,000","185,900,000","191,000,000","95,800,000","235,200,000","269,100,000","253,600,000","257,400,000","325,100,000","311,500,000","204,200,000","200,300,000","188,000,000","184,200,000","174,500,000","181,200,000","179,300,000","298,100,000","257,900,000","266,300,000","189,700,000","218,600,000","195,200,000","187,600,000","123,300,000","164,200,000","148,800,000","151,200,000","142,200,000","161,000,000","140,100,000","131,400,000","129,300,000","128,000,000","121,400,000","111,800,000","77,300,000","35,500,000","39,500,000"
TotalLiabilitiesNetMinorityInterest,"16,969,000,000","16,029,000,000","16,367,000,000","15,445,000,000","14,425,000,000","14,915,000,000","14,019,000,000","13,780,000,000","13,845,000,000","14,341,000,000","12,772,000,000","13,545,000,000","13,274,000,000","12,992,000,000","12,725,000,000","13,540,000,000","13,593,000,000","13,123,000,000","13,365,000,000","13,011,000,000","12,921,000,000","12,632,000,000","13,240,000,000","21,243,000,000","8,981,000,000","8,515,700,000","6,483,600,000","6,510,100,000","6,507,100,000","6,331,400,000","6,200,200,000","6,364,800,000","6,462,400,000","6,428,500,000","6,392,400,000","6,608,200,000","6,518,500,000","6,217,100,000","6,053,900,000","6,098,100,000","6,210,700,000","5,906,600,000","5,970,400,000","6,115,600,000","6,100,700,000","5,269,600,000","5,238,700,000","5,171,900,000","5,523,300,000","4,905,300,000","5,313,000,000","4,996,800,000","5,312,600,000","5,281,400,000","4,803,600,000","5,056,000,000","4,987,700,000","4,677,000,000","4,656,800,000","4,578,300,000","4,701,500,000","4,674,500,000","4,603,900,000","4,797,700,000","4,677,800,000","3,503,000,000","3,496,200,000","3,471,700,000","3,490,900,000","3,384,700,000","3,351,600,000","3,436,700,000","3,423,900,000","3,255,600,000","3,529,100,000","3,595,300,000","3,609,700,000","3,633,900,000","1,835,000,000","1,829,900,000","1,890,500,000","1,799,800,000","1,887,300,000","1,950,200,000","2,046,600,000","1,952,500,000","2,013,000,000","2,080,900,000","2,103,500,000","2,021,500,000","2,139,000,000","2,241,500,000","2,296,600,000","2,208,100,000","2,342,800,000","1,416,800,000","1,426,800,000","1,404,200,000","1,485,700,000","1,480,400,000","1,475,900,000","1,089,400,000","1,279,400,000","1,259,700,000","1,207,300,000","1,023,800,000","985,800,000","1,307,800,000","1,230,400,000","1,127,000,000","1,161,200,000","1,222,800,000","1,295,000,000","1,221,000,000","1,237,500,000","1,269,600,000","1,326,500,000","942,900,000","926,700,000","1,101,300,000","1,095,400,000","922,300,000","942,500,000","1,126,100,000","880,600,000","836,900,000","544,800,000","552,100,000","570,000,000","553,700,000","533,300,000","525,800,000","455,100,000","397,500,000","367,400,000","310,900,000"
	CurrentLiabilities,"6,486,000,000","5,953,000,000","6,131,000,000","5,917,000,000","4,984,000,000","4,444,000,000","3,764,000,000","4,126,000,000","4,003,000,000","5,577,000,000","3,773,000,000","4,134,000,000","4,035,000,000","4,095,000,000","3,813,000,000","3,954,000,000","3,905,000,000","4,107,000,000","3,778,000,000","3,350,000,000","3,018,000,000","2,969,000,000","2,943,000,000","10,353,000,000","2,232,000,000","2,141,600,000","2,279,600,000","2,192,300,000","2,039,300,000","2,006,800,000","2,021,900,000","1,973,600,000","1,821,300,000","1,927,400,000","1,570,200,000","1,767,400,000","1,742,900,000","1,685,800,000","1,830,100,000","1,888,500,000","1,812,500,000","1,856,100,000","1,785,600,000","1,751,800,000","1,683,400,000","1,383,300,000","1,935,300,000","1,880,800,000","2,041,400,000","1,428,600,000","1,552,100,000","1,746,700,000","1,697,600,000","1,862,400,000","1,364,700,000","1,588,500,000","1,495,800,000","1,513,100,000","1,424,800,000","1,335,500,000","1,334,000,000","1,454,300,000","1,269,000,000","1,340,500,000","1,183,800,000","1,176,000,000","1,163,700,000","1,082,600,000","1,019,300,000","996,300,000","1,017,000,000","1,020,800,000","972,100,000","861,100,000","945,000,000","941,100,000","867,200,000","1,068,900,000","663,900,000","631,500,000","598,900,000","574,700,000","617,800,000","661,600,000","623,800,000","659,100,000","683,600,000","719,900,000","661,100,000","670,100,000","639,400,000","679,500,000","703,800,000","687,600,000","812,400,000","856,600,000","861,600,000","837,800,000","897,500,000","852,900,000","845,500,000","511,000,000","669,500,000","643,700,000","553,000,000","497,500,000","466,100,000","575,600,000","610,900,000","499,700,000","504,200,000","452,000,000","526,700,000","451,200,000","452,300,000","471,100,000","503,400,000","359,100,000","424,200,000","517,600,000","479,100,000","441,700,000","362,800,000","493,500,000","356,900,000","323,000,000","221,700,000","236,400,000","242,700,000","219,300,000","208,300,000","211,800,000","183,000,000","203,400,000","165,300,000","135,500,000"
		PayablesAndAccruedExpenses,"5,302,000,000","5,108,000,000","4,574,000,000","4,295,000,000","3,632,000,000","3,777,000,000","3,115,000,000","2,974,000,000","2,849,000,000","3,421,000,000","2,914,000,000","2,995,000,000","2,963,000,000","3,384,000,000","3,213,000,000","2,995,000,000","3,043,000,000","3,114,000,000","2,717,000,000","2,437,000,000","2,094,000,000","2,348,000,000","2,166,000,000","6,354,000,000","1,417,000,000","1,730,200,000","1,664,700,000","1,637,100,000","1,451,300,000","1,609,900,000","1,507,000,000","1,332,600,000","1,169,500,000","1,240,100,000","1,231,100,000","1,155,400,000","1,113,000,000","1,225,300,000","906,300,000","852,500,000","832,600,000","1,095,600,000","776,800,000","868,700,000","854,000,000","958,500,000","1,047,200,000","957,000,000","930,300,000","837,800,000","943,600,000","981,100,000","907,100,000","996,400,000","927,200,000","1,006,700,000","927,300,000","1,001,600,000","953,800,000","938,800,000","844,200,000","933,500,000","858,000,000","868,800,000","777,000,000","750,800,000","684,300,000","697,100,000","643,400,000","675,200,000","660,400,000","634,000,000","523,000,000","530,300,000","559,600,000","562,100,000","517,300,000","586,700,000","529,800,000","306,300,000","300,600,000","258,500,000","271,600,000","308,300,000","309,700,000","332,100,000","346,700,000","358,800,000","336,000,000","345,500,000","357,800,000","368,600,000","348,100,000","350,300,000","407,600,000","270,700,000","248,300,000","258,600,000","289,600,000","276,500,000","268,300,000","214,300,000","250,900,000","242,000,000","215,600,000","195,300,000","206,700,000","237,500,000","240,600,000","209,200,000","187,600,000","167,000,000","183,400,000","157,300,000","193,000,000","169,900,000","189,000,000","140,400,000","156,800,000","173,200,000","178,400,000","153,600,000","173,600,000","184,200,000","147,300,000","141,500,000","114,300,000","113,300,000","112,100,000","105,700,000","120,300,000","115,600,000",,,,
			Payables,"5,026,000,000","4,759,000,000","4,210,000,000","3,961,000,000","3,355,000,000","3,430,000,000","2,832,000,000","2,699,000,000","2,613,000,000","3,136,000,000","2,658,000,000","2,739,000,000","2,739,000,000","3,095,000,000","2,953,000,000","2,739,000,000","2,822,000,000","2,762,000,000","2,419,000,000","2,146,000,000","1,830,000,000","2,033,000,000","1,864,000,000","5,993,000,000","1,259,000,000","1,500,800,000","1,451,400,000","1,444,400,000","1,271,200,000","1,340,000,000","1,251,200,000","1,116,000,000","969,900,000","998,800,000","998,800,000","950,200,000","915,800,000","946,900,000","906,300,000","852,500,000","832,600,000","847,300,000","776,800,000","868,700,000","854,000,000","700,300,000","811,400,000","766,400,000","746,100,000","623,100,000","732,900,000","767,700,000","712,200,000","763,700,000","702,900,000","797,800,000","734,700,000","763,600,000","737,500,000","748,900,000","668,400,000","732,400,000","658,900,000","691,600,000","628,000,000","552,400,000","508,700,000","549,400,000","509,900,000","453,000,000","468,800,000","482,000,000","400,800,000","349,700,000","406,700,000","430,200,000","418,800,000","439,600,000","287,100,000","306,300,000","300,600,000","258,500,000","271,600,000","308,300,000","309,700,000","332,100,000","346,700,000","358,800,000","336,000,000","345,500,000","357,800,000","368,600,000","348,100,000","350,300,000","407,600,000","270,700,000","248,300,000","258,600,000","289,600,000","276,500,000","268,300,000","214,300,000","250,900,000","242,000,000","215,600,000","195,300,000","206,700,000","237,500,000","240,600,000","209,200,000","187,600,000","167,000,000","183,400,000","157,300,000","193,000,000","169,900,000","189,000,000","140,400,000","156,800,000","173,200,000","178,400,000","153,600,000","173,600,000","184,200,000","147,300,000","141,500,000","114,300,000","113,300,000","112,100,000","105,700,000","120,300,000","115,600,000",,,,
				AccountsPayable,"5,026,000,000","4,759,000,000","4,210,000,000","3,961,000,000","3,355,000,000","3,430,000,000","2,832,000,000","2,699,000,000","2,613,000,000","3,136,000,000","2,658,000,000","2,739,000,000","2,739,000,000","3,095,000,000","2,953,000,000","2,739,000,000","2,822,000,000","2,762,000,000","2,419,000,000","2,146,000,000","1,830,000,000","2,033,000,000","1,864,000,000","2,168,000,000","1,259,000,000","1,500,800,000","1,451,400,000","1,444,400,000","1,271,200,000","1,340,000,000","1,251,200,000","1,116,000,000","969,900,000","998,800,000","998,800,000","950,200,000","915,800,000","946,900,000","906,300,000","852,500,000","832,600,000","847,300,000","776,800,000","868,700,000","854,000,000","700,300,000","811,400,000","766,400,000","746,100,000","623,100,000","688,600,000","736,700,000","681,500,000","763,700,000","702,900,000","797,800,000","734,700,000","763,600,000","737,500,000","748,900,000","668,400,000","732,400,000","658,900,000","691,600,000","628,000,000","552,400,000","508,700,000","549,400,000","509,900,000","453,000,000","468,800,000","482,000,000","400,800,000","349,700,000","406,700,000","430,200,000","418,800,000","439,600,000","287,100,000","306,300,000","300,600,000","258,500,000","271,600,000","308,300,000","309,700,000","332,100,000","346,700,000","358,800,000","336,000,000","345,500,000","357,800,000","368,600,000","348,100,000","350,300,000","407,600,000","270,700,000","248,300,000","258,600,000","289,600,000","276,500,000","268,300,000","214,300,000","250,900,000","242,000,000","215,600,000","195,300,000","206,700,000","237,500,000","240,600,000","209,200,000","187,600,000","167,000,000","183,400,000","157,300,000","193,000,000","169,900,000","189,000,000","140,400,000","156,800,000","173,200,000","178,400,000","153,600,000","173,600,000","184,200,000","147,300,000","141,500,000","114,300,000","113,300,000","112,100,000","105,700,000","120,300,000","115,600,000",,,,
				TotalTaxPayable,,,,,,,,,,,,,,,,,,,,,,,,,,,,,,,,,,,,,,,,,,,,,,,,,,,"44,300,000","31,000,000","30,700,000",,,,,,,,,,,,,,,,,,,,,,,,,,,,,,,,,,,,,,,,,,,,,,,,,,,,,,,,,,,,,,,,,,,,,,,,,,,,,,,,,,,
					IncomeTaxPayable,,,,,,,,,,,,,,,,,,,,,,,,,,,,,,,,,,,,,,,,,,,,,,,,,,,"44,300,000","31,000,000","30,700,000",,,,,,,,,,,,,,,,,,,,,,,,,,,,,,,,,,,,,,,,,,,,,,,,,,,,,,,,,,,,,,,,,,,,,,,,,,,,,,,,,,,
				OtherPayable,,,,,,,,,,,,,,,,,,,,,,,,"3,825,000,000",,,,,,,,,,,,,,,,,,,,,,,,,,,,,,,,,,,,,,,,,,,,,,,,,,,,,,,,,,,,,,,,,,,,,,,,,,,,,,,,,,,,,,,,,,,,,,,,,,,,,,,,,,,,,,,,
			CurrentAccruedExpenses,"276,000,000","349,000,000","364,000,000","334,000,000","277,000,000","347,000,000","283,000,000","275,000,000","236,000,000","285,000,000","256,000,000","256,000,000","224,000,000","289,000,000","260,000,000","256,000,000","221,000,000","352,000,000","298,000,000","291,000,000","264,000,000","315,000,000","302,000,000","361,000,000","158,000,000","229,400,000","213,300,000","192,700,000","180,100,000","269,900,000","255,800,000","216,600,000","199,600,000","241,300,000","232,300,000","205,200,000","197,200,000","278,400,000",,,,"248,300,000",,,,"258,200,000","235,800,000","190,600,000","184,200,000","214,700,000","210,700,000","213,400,000","194,900,000","232,700,000","224,300,000","208,900,000","192,600,000","238,000,000","216,300,000","189,900,000","175,800,000","201,100,000","199,100,000","177,200,000","149,000,000","198,400,000","175,600,000","147,700,000","133,500,000","222,200,000","191,600,000","152,000,000","122,200,000","180,600,000","152,900,000","131,900,000","98,500,000","147,100,000","242,700,000",,,,,,,,,,,,,,,,,,,,,,,,,,,,,,,,,,,,,,,,,,,,,,,,,,,,,,,,,
		PensionandOtherPostRetirementBenefitPlansCurrent,,,,,,,,,,,,,,,,,,,,,,,,,,,,,,,,,,,,,,,"243,700,000","216,500,000","202,900,000",,"255,400,000","225,300,000","205,500,000",,,,,,,,,,,,,,,,,,,,,,,,,,,,,,,,,,,,,,,,,,,,,,,,,,,,,,,,,,,,,,,,,,,,,,,,,,,,,,,,,,,,,,,,,,,
		CurrentDebtAndCapitalLeaseObligation,"379,000,000","95,000,000","762,000,000","771,000,000","766,000,000","80,000,000","92,000,000","581,000,000","581,000,000","1,538,000,000","417,000,000","447,000,000","453,000,000","219,000,000","150,000,000","176,000,000","337,000,000","453,000,000","452,000,000","322,000,000","497,000,000","222,000,000","373,000,000","3,125,000,000","391,000,000","77,300,000","282,900,000","278,200,000","344,700,000","175,100,000","306,500,000","408,000,000","412,900,000","422,600,000","104,500,000","358,500,000","425,600,000","219,800,000","401,700,000","499,200,000","498,400,000","447,400,000","479,200,000","349,500,000","320,000,000","110,700,000","592,500,000","550,700,000","875,700,000","312,300,000","253,100,000","359,300,000","302,300,000","303,000,000","221,500,000","327,100,000","309,100,000","176,800,000","169,400,000","162,100,000","238,200,000","181,300,000","136,900,000","133,900,000","119,000,000","116,400,000","196,200,000","165,400,000","145,000,000","123,000,000","124,000,000","157,800,000","208,800,000","107,600,000","150,600,000","147,300,000","143,900,000","127,000,000","134,100,000","122,400,000","127,900,000","115,000,000","155,800,000","156,700,000","168,700,000","125,700,000","147,800,000","160,500,000","150,900,000","104,000,000","103,900,000","123,900,000","178,800,000","126,800,000","204,800,000","430,400,000","462,700,000","407,000,000","436,800,000","415,800,000","448,400,000","175,200,000","292,800,000","266,900,000","198,200,000","155,000,000","118,800,000","166,500,000","196,100,000","116,700,000","146,800,000","122,200,000","178,000,000","123,900,000","122,000,000","161,100,000","158,600,000","89,800,000","132,200,000","198,200,000","163,600,000","158,900,000","29,900,000","159,300,000","111,700,000","83,300,000","45,800,000","67,800,000","82,400,000","55,200,000","31,200,000","38,100,000","37,100,000","46,900,000","22,400,000","8,000,000"
			CurrentDebt,"293,000,000","15,000,000","762,000,000","771,000,000","766,000,000","17,000,000","31,000,000","523,000,000","522,000,000","1,480,000,000","361,000,000","392,000,000","399,000,000","219,000,000","150,000,000","176,000,000","337,000,000","453,000,000","452,000,000","322,000,000","497,000,000","222,000,000","373,000,000","3,125,000,000","391,000,000","77,300,000","282,900,000","278,200,000","344,700,000","175,100,000","306,500,000","408,000,000","412,900,000","422,600,000","104,500,000","358,500,000","425,600,000","219,800,000","401,700,000","499,200,000","498,400,000","447,400,000","479,200,000","349,500,000","320,000,000","110,700,000","592,500,000","550,700,000","875,700,000","312,300,000","253,100,000","359,300,000","302,300,000","303,000,000","221,500,000","327,100,000","309,100,000","176,800,000","169,400,000","162,100,000","238,200,000","181,300,000","136,900,000","133,900,000","119,000,000","116,400,000","196,200,000","165,400,000","145,000,000","123,000,000","124,000,000","157,800,000","208,800,000","107,600,000","150,600,000","147,300,000","143,900,000","127,000,000","134,100,000","122,400,000","127,900,000","115,000,000","155,800,000","156,700,000","168,700,000","125,700,000","147,800,000","160,500,000","150,900,000","104,000,000","103,900,000","123,900,000","178,800,000","126,800,000","204,800,000","430,400,000","462,700,000","407,000,000","436,800,000","415,800,000","448,400,000","175,200,000","292,800,000","266,900,000","198,200,000","155,000,000","118,800,000","166,500,000","196,100,000","116,700,000","146,800,000","122,200,000","178,000,000","123,900,000","122,000,000","161,100,000","158,600,000","89,800,000","132,200,000","198,200,000","163,600,000","158,900,000","29,900,000","159,300,000","111,700,000","83,300,000","45,800,000","67,800,000","82,400,000","55,200,000","31,200,000","38,100,000","37,100,000","46,900,000","22,400,000","8,000,000"
				OtherCurrentBorrowings,"293,000,000","15,000,000",,,,"17,000,000","31,000,000","523,000,000","522,000,000","1,480,000,000","361,000,000","392,000,000","399,000,000",,,,,,,,,,,,,,,,,,,,,,,,,,,,,,,,,,,,,,,,,,,,,,,,,,,,,,,,,,,,,,,,,,,,,,,,,,,,,,,,,,,,,,,,,,,,,,,,,,,,,,,,,,,,,,,,,,,,,,,,,,,
			CurrentCapitalLeaseObligation,"86,000,000","80,000,000",,,,"63,000,000","61,000,000","58,000,000","59,000,000","58,000,000","56,000,000","55,000,000","54,000,000",,,,,,,,,,,,,,,,,,,,,,,,,,,,,,,,,,,,,,,,,,,,,,,,,,,,,,,,,,,,,,,,,,,,,,,,,,,,,,,,,,,,,,,,,,,,,,,,,,,,,,,,,,,,,,,,,,,,,,,,,,,
		CurrentDeferredLiabilities,,,,,,,,,,,,,,,,,,,,,,,,,,,,,,,,,,,,,,,,,,,,,,"59,300,000",,,,,,,,,,,,,,,,,,,,,,,,,,,,,,,,"54,100,000",,,,,,,,,,,,,,,,,,,,,,,,,,,,,,,,,,,,,,,,,,,,,,,,,,,,,,,,,,
			CurrentDeferredTaxesLiabilities,,,,,,,,,,,,,,,,,,,,,,,,,,,,,,,,,,,,,,,,,,,,,,,,,,,,,,,,,,,,,,,,,,,,,,,,,,,,,,"54,100,000",,,,,,,,,,,,,,,,,,,,,,,,,,,,,,,,,,,,,,,,,,,,,,,,,,,,,,,,,,
		OtherCurrentLiabilities,"805,000,000","750,000,000","795,000,000","851,000,000","586,000,000","587,000,000","557,000,000","571,000,000","573,000,000","618,000,000","442,000,000","692,000,000","619,000,000","492,000,000","450,000,000","783,000,000","525,000,000","540,000,000","609,000,000","591,000,000","427,000,000","399,000,000","404,000,000","874,000,000","424,000,000","334,100,000","332,000,000","277,000,000","243,300,000","221,800,000","208,400,000","233,000,000","238,900,000","264,700,000","234,600,000","253,500,000","204,300,000","240,700,000","278,400,000","320,300,000","278,600,000","313,100,000","274,200,000","308,300,000","303,900,000","254,800,000","295,600,000","373,100,000","235,400,000","278,500,000","355,400,000","406,300,000","488,200,000","563,000,000","216,000,000","254,700,000","259,400,000","334,700,000","301,600,000","234,600,000","251,600,000","339,500,000","274,100,000","337,800,000","287,800,000","308,800,000","283,200,000","220,100,000","230,900,000","198,100,000","232,600,000","229,000,000","240,300,000","223,200,000","234,800,000","231,700,000","206,000,000","301,100,000",,"202,800,000","170,400,000","201,200,000","190,400,000","196,600,000","145,400,000","201,300,000","189,100,000","200,600,000","174,200,000","220,600,000","177,700,000","187,000,000","176,900,000","210,500,000","200,000,000","155,500,000","150,600,000","172,200,000","171,100,000","160,600,000","128,800,000","121,500,000","125,800,000","134,800,000","139,200,000","147,200,000","140,600,000","171,600,000","174,200,000","173,800,000","169,800,000","162,800,000","165,300,000","170,000,000","137,300,000","140,100,000","155,800,000","128,900,000","135,200,000","146,200,000","137,100,000","129,200,000","159,300,000","150,000,000","97,900,000","98,200,000","61,600,000","55,300,000","48,200,000","58,400,000","56,800,000","58,100,000","145,900,000","156,500,000","142,900,000","127,500,000"
	TotalNonCurrentLiabilitiesNetMinorityInterest,"10,483,000,000","10,076,000,000","10,236,000,000","9,528,000,000","9,441,000,000","10,471,000,000","10,255,000,000","9,654,000,000","9,842,000,000","8,764,000,000","8,999,000,000","9,411,000,000","9,239,000,000","8,897,000,000","8,912,000,000","9,586,000,000","9,688,000,000","9,016,000,000","9,587,000,000","9,661,000,000","9,903,000,000","9,663,000,000","10,297,000,000","10,890,000,000","6,749,000,000","6,374,100,000","4,204,000,000","4,317,800,000","4,467,800,000","4,324,600,000","4,178,300,000","4,391,200,000","4,641,100,000","4,501,100,000","4,822,200,000","4,840,800,000","4,775,600,000","4,531,300,000","4,223,800,000","4,209,600,000","4,398,200,000","4,050,500,000","4,184,800,000","4,363,800,000","4,417,300,000","3,886,300,000","3,303,400,000","3,291,100,000","3,481,900,000","3,476,700,000","3,760,900,000","3,250,100,000","3,615,000,000","3,419,000,000","3,438,900,000","3,467,500,000","3,491,900,000","3,163,900,000","3,232,000,000","3,242,800,000","3,367,500,000","3,220,200,000","3,334,900,000","3,457,200,000","3,494,000,000","2,327,000,000","2,332,500,000","2,389,100,000","2,471,600,000","2,388,400,000","2,334,600,000","2,415,900,000","2,451,800,000","2,394,500,000","2,584,100,000","2,654,200,000","2,742,500,000","2,565,000,000","1,171,100,000","1,198,400,000","1,291,600,000","1,225,100,000","1,269,500,000","1,288,600,000","1,422,800,000","1,293,400,000","1,329,400,000","1,361,000,000","1,442,400,000","1,351,400,000","1,499,600,000","1,562,000,000","1,592,800,000","1,520,500,000","1,530,400,000","560,200,000","565,200,000","566,400,000","588,200,000","627,500,000","630,400,000","578,400,000","609,900,000","616,000,000","654,300,000","526,300,000","519,700,000","732,200,000","619,500,000","627,300,000","657,000,000","770,800,000","768,300,000","769,800,000","785,200,000","798,500,000","823,100,000","583,800,000","502,500,000","583,700,000","616,300,000","480,600,000","579,700,000","632,600,000","523,700,000","513,900,000","323,100,000","315,700,000","327,300,000","334,400,000","325,000,000","314,000,000","272,100,000","194,100,000","202,100,000","175,400,000"
		LongTermDebtAndCapitalLeaseObligation,"8,625,000,000","8,062,000,000","7,755,000,000","6,970,000,000","6,941,000,000","7,783,000,000","7,679,000,000","7,158,000,000","7,670,000,000","6,518,000,000","6,809,000,000","7,101,000,000","6,900,000,000","6,510,000,000","6,523,000,000","7,171,000,000","7,131,000,000","6,518,000,000","7,104,000,000","7,226,000,000","7,476,000,000","7,310,000,000","7,724,000,000","8,234,000,000","5,408,000,000","5,054,200,000","2,879,400,000","2,982,100,000","3,152,100,000","2,993,800,000","3,009,000,000","3,129,200,000","3,357,700,000","3,182,500,000","3,417,500,000","3,472,600,000","3,405,300,000","3,085,300,000","2,932,100,000","2,963,500,000","3,130,500,000","2,696,700,000","2,977,500,000","3,124,900,000","3,197,300,000","2,701,600,000","2,054,800,000","2,157,100,000","2,317,900,000","2,283,900,000","2,532,700,000","2,014,000,000","2,357,100,000","2,107,100,000","2,438,000,000","2,415,300,000","2,450,500,000","2,181,800,000","2,228,900,000","2,233,000,000","2,360,700,000","2,270,400,000","2,411,700,000","2,513,000,000","2,533,700,000","1,473,300,000","1,555,600,000","1,588,000,000","1,631,000,000","1,537,700,000","1,499,400,000","1,584,100,000","1,632,400,000","1,579,300,000","1,800,500,000","1,900,600,000","2,005,800,000","1,854,000,000","888,900,000","910,000,000","1,010,400,000","949,100,000","965,800,000","1,037,600,000","1,144,400,000","1,011,600,000","1,064,500,000","1,107,600,000","1,176,300,000","1,092,700,000","1,230,100,000","1,295,900,000","1,320,300,000","1,229,800,000","1,259,900,000","354,600,000","359,500,000","366,100,000","399,200,000","445,000,000","454,000,000","407,700,000","427,800,000","431,700,000","456,800,000","320,400,000","305,500,000","488,900,000","371,900,000","377,000,000","402,700,000","517,000,000","514,300,000","513,300,000","522,700,000","569,500,000","589,100,000","451,700,000","371,000,000","446,200,000","474,100,000","333,900,000","428,600,000","483,600,000","415,700,000","404,800,000","247,800,000","243,000,000","254,400,000","262,800,000","244,200,000","239,500,000","196,300,000","100,700,000","101,600,000","89,900,000"
			LongTermDebt,"8,265,000,000","7,722,000,000","7,755,000,000","6,970,000,000","6,941,000,000","7,783,000,000","7,679,000,000","7,158,000,000","7,476,000,000","6,337,000,000","6,623,000,000","6,916,000,000","6,719,000,000","6,510,000,000","6,523,000,000","7,171,000,000","7,131,000,000","6,518,000,000","7,104,000,000","7,226,000,000","7,476,000,000","7,310,000,000","7,724,000,000","8,234,000,000","5,408,000,000","5,054,200,000","2,879,400,000","2,982,100,000","3,152,100,000","2,993,800,000","3,009,000,000","3,129,200,000","3,357,700,000","3,182,500,000","3,417,500,000","3,472,600,000","3,405,300,000","3,085,300,000","2,932,100,000","2,963,500,000","3,130,500,000","2,696,700,000","2,977,500,000","3,124,900,000","3,197,300,000","2,701,600,000","2,054,800,000","2,157,100,000","2,317,900,000","2,283,900,000","2,532,700,000","2,014,000,000","2,357,100,000","2,107,100,000","2,438,000,000","2,415,300,000","2,450,500,000","2,181,800,000","2,228,900,000","2,233,000,000","2,360,700,000","2,270,400,000","2,411,700,000","2,513,000,000","2,533,700,000","1,473,300,000","1,555,600,000","1,588,000,000","1,631,000,000","1,537,700,000","1,499,400,000","1,584,100,000","1,632,400,000","1,579,300,000","1,800,500,000","1,900,600,000","2,005,800,000","1,854,000,000","888,900,000","910,000,000","1,010,400,000","949,100,000","965,800,000","1,037,600,000","1,144,400,000","1,011,600,000","1,064,500,000","1,107,600,000","1,176,300,000","1,092,700,000","1,230,100,000","1,295,900,000","1,320,300,000","1,229,800,000","1,259,900,000","354,600,000","359,500,000","366,100,000","399,200,000","445,000,000","454,000,000","407,700,000","427,800,000","431,700,000","456,800,000","320,400,000","305,500,000","488,900,000","371,900,000","377,000,000","402,700,000","517,000,000","514,300,000","513,300,000","522,700,000","569,500,000","589,100,000","451,700,000","371,000,000","446,200,000","474,100,000","333,900,000","428,600,000","483,600,000","415,700,000","404,800,000","247,800,000","243,000,000","254,400,000","262,800,000","244,200,000","239,500,000","196,300,000","100,700,000","101,600,000","89,900,000"
			LongTermCapitalLeaseObligation,"360,000,000","340,000,000",,,,,,,"194,000,000","181,000,000","186,000,000","185,000,000","181,000,000",,,,,,,,,,,,,,,,,,,,,,,,,,,,,,,,,,,,,,,,,,,,,,,,,,,,,,,,,,,,,,,,,,,,,,,,,,,,,,,,,,,,,,,,,,,,,,,,,,,,,,,,,,,,,,,,,,,,,,,,,,,
		NonCurrentDeferredLiabilities,"677,000,000","665,000,000","673,000,000","671,000,000","616,000,000","634,000,000","589,000,000","553,000,000","547,000,000","561,000,000","602,000,000","606,000,000","625,000,000","645,000,000","672,000,000","666,000,000","690,000,000","695,000,000","655,000,000","633,000,000","855,000,000","856,000,000","1,065,000,000","1,129,000,000","215,000,000","172,700,000","165,100,000","169,200,000","183,400,000","152,500,000","229,400,000","252,700,000",,"285,600,000",,,,"207,900,000","229,800,000","195,700,000","206,600,000","210,100,000","255,000,000","231,800,000","239,200,000","218,800,000","221,700,000","120,600,000","129,200,000","131,600,000","119,700,000","117,700,000","116,400,000","330,500,000","251,100,000","261,500,000","246,800,000","183,100,000","145,300,000","160,200,000","160,000,000","102,100,000","85,800,000","97,500,000","96,500,000","69,500,000","53,100,000","82,300,000","99,800,000","116,400,000","122,700,000","120,700,000","118,600,000","113,500,000","83,600,000","73,900,000","75,000,000","64,500,000",,,,,,,,,,,,,,,,,"20,700,000","62,200,000","61,400,000","60,500,000","47,500,000","42,700,000","38,800,000","34,700,000",,,,"28,000,000","30,200,000","51,200,000","54,200,000","56,600,000","60,500,000","57,800,000","60,400,000","65,100,000","92,300,000","89,700,000","95,200,000","86,500,000","83,500,000","93,900,000","100,300,000","103,500,000","106,200,000","105,900,000","64,600,000","68,400,000","75,300,000","72,700,000","72,900,000","51,200,000","80,800,000","74,500,000","56,100,000","76,400,000","85,200,000","71,900,000"
			NonCurrentDeferredTaxesLiabilities,"677,000,000","665,000,000","673,000,000","671,000,000","616,000,000","634,000,000","589,000,000","553,000,000","547,000,000","561,000,000","602,000,000","606,000,000","625,000,000","645,000,000","672,000,000","666,000,000","690,000,000","695,000,000","655,000,000","633,000,000","855,000,000","856,000,000","1,065,000,000","1,129,000,000","215,000,000","172,700,000","165,100,000","169,200,000","183,400,000","152,500,000","229,400,000","252,700,000",,"285,600,000",,,,"207,900,000","229,800,000","195,700,000","206,600,000","210,100,000","255,000,000","231,800,000","239,200,000","218,800,000","221,700,000","120,600,000","129,200,000","131,600,000","119,700,000","117,700,000","116,400,000","330,500,000","251,100,000","261,500,000","246,800,000","183,100,000","145,300,000","160,200,000","160,000,000","102,100,000","85,800,000","97,500,000","96,500,000","69,500,000","53,100,000","82,300,000","99,800,000","116,400,000","122,700,000","120,700,000","118,600,000","113,500,000","83,600,000","73,900,000","75,000,000","64,500,000",,,,,,,,,,,,,,,,,"20,700,000","62,200,000","61,400,000","60,500,000","47,500,000","42,700,000","38,800,000","34,700,000",,,,"28,000,000","30,200,000","51,200,000","54,200,000","56,600,000","60,500,000","57,800,000","60,400,000","65,100,000","92,300,000","89,700,000","95,200,000","86,500,000","83,500,000","93,900,000","100,300,000","103,500,000","106,200,000","105,900,000","64,600,000","68,400,000","75,300,000","72,700,000","72,900,000","51,200,000","80,800,000","74,500,000","56,100,000","76,400,000","85,200,000","71,900,000"
		EmployeeBenefits,"1,047,000,000","1,205,000,000","1,322,000,000","1,393,000,000","1,395,000,000","1,613,000,000","1,573,000,000","1,574,000,000","1,435,000,000","1,486,000,000","1,383,000,000","1,465,000,000","1,479,000,000","1,455,000,000","1,421,000,000","1,452,000,000","1,484,000,000","1,463,000,000","1,406,000,000","1,429,000,000","1,487,000,000","1,497,000,000","1,508,000,000","1,527,000,000","1,126,000,000","1,147,200,000","1,159,500,000","1,166,500,000","1,132,300,000","1,178,300,000","939,900,000","1,009,300,000","991,100,000","1,033,000,000","1,175,700,000","1,149,000,000","1,148,900,000","1,238,100,000","1,061,900,000","1,050,400,000","1,061,100,000","1,143,700,000","952,300,000","1,007,100,000","980,800,000","963,300,000","1,001,000,000","981,000,000","997,900,000","1,013,200,000","992,000,000","973,600,000","949,900,000",,,,,,,,,,,,,,,,,,,,,,,,,,,,,,,,,,,,,,,,,,,,,,,,,,,,,,,,,,,,,,,,,,,,,,,,,,,,,,,,,,,
			NonCurrentPensionAndOtherPostretirementBenefitPlans,,,,,,,,,,,,,,,,,,,,,,,,,,,,,,,,,,,,,,,"1,061,900,000","1,050,400,000","1,061,100,000","1,143,700,000","952,300,000","1,007,100,000","980,800,000","963,300,000","1,001,000,000","981,000,000","997,900,000","1,013,200,000","992,000,000","973,600,000","949,900,000",,,,,,,,,,,,,,,,,,,,,,,,,,,,,,,,,,,,,,,,,,,,,,,,,,,,,,,,,,,,,,,,,,,,,,,,,,,,,,,,,,,
		DerivativeProductLiabilities,,,,,,,,,,,,,,,,,,,,,,,,,,,,,,,,,,,,,,,,,,,,,,"2,600,000","25,900,000","32,400,000","36,900,000","48,000,000","116,500,000","144,800,000","191,600,000",,,,,,,,,,,,,,,,,,,,,,,,,,,,,,,,,,,,,,,,,,,,,,,,,,,,,,,,,,,,,,,,,,,,,,,,,,,,,,,,,,,
		PreferredSecuritiesOutsideStockEquity,,,,,,,,,,,,,,,,,,,,,,,,,,,,,,,,,,,,,,,,,,,,,,,,,,,,,,,,,,,,,,,,,,,,,,,,,,,,,,,,,,,"44,300,000",,,,,,,,,,,,,,,,,,,,,,,,,,,,,,,,,,,,,,,,,,,,,,,,,,,,,
		OtherNonCurrentLiabilities,"134,000,000","144,000,000","486,000,000","494,000,000","489,000,000","441,000,000","414,000,000","369,000,000","190,000,000","199,000,000","205,000,000","239,000,000","235,000,000","287,000,000","296,000,000","297,000,000","383,000,000","340,000,000","422,000,000","373,000,000","85,000,000","2,581,000,000","2,573,000,000","2,624,000,000","1,341,000,000","1,319,900,000","1,324,600,000","1,335,700,000","1,315,700,000","1,330,800,000","1,169,300,000","1,262,000,000","292,300,000","1,318,600,000","229,000,000","219,200,000","221,400,000","1,446,000,000","1,291,700,000","1,246,100,000","1,267,700,000","1,353,800,000","1,207,300,000","1,238,900,000","1,220,000,000",,"1,248,600,000","1,134,100,000","1,164,000,000",,"1,228,200,000","1,236,100,000",,"981,400,000","749,800,000","790,700,000","794,600,000","799,000,000","857,800,000","849,600,000","846,800,000","847,700,000","837,400,000","846,700,000","863,800,000","784,200,000","723,800,000","718,800,000","740,800,000","734,300,000","712,500,000","711,100,000","700,800,000","701,700,000","700,000,000","679,700,000","661,700,000","646,500,000","282,200,000","288,400,000","281,200,000","276,000,000","259,400,000","251,000,000","278,400,000","281,800,000","264,900,000","253,400,000","266,100,000","258,700,000","269,500,000","266,100,000","272,500,000","290,700,000","249,800,000","143,400,000","144,300,000","139,800,000","141,500,000","139,800,000","137,600,000","136,000,000","182,100,000","184,300,000","197,500,000","177,900,000","184,000,000","192,100,000","193,400,000","193,700,000","193,800,000","196,000,000","193,600,000","191,400,000","170,200,000","139,300,000","138,800,000","45,600,000","48,000,000","43,600,000","41,900,000","43,200,000","44,900,000","43,100,000","43,400,000","40,700,000",,,,"20,400,000",,,"19,700,000","17,000,000","15,300,000","13,600,000"
TotalEquityGrossMinorityInterest,"3,957,000,000","3,685,000,000","3,765,000,000","3,701,000,000","3,554,000,000","3,337,000,000","2,953,000,000","2,830,000,000","2,700,000,000","3,019,000,000","3,465,000,000","3,564,000,000","3,649,000,000","3,562,000,000","3,745,000,000","3,995,000,000","4,138,000,000","4,046,000,000","3,638,000,000","3,710,000,000","3,723,000,000","3,541,000,000","3,820,000,000","3,834,000,000","1,078,000,000","1,261,300,000","1,243,400,000","1,342,800,000","1,153,400,000","1,239,600,000","1,414,700,000","1,406,600,000","1,282,100,000","1,391,300,000","1,316,800,000","1,207,400,000","1,257,500,000","1,290,000,000","1,470,100,000","1,341,400,000","1,348,700,000","1,378,000,000","1,568,000,000","1,734,800,000","1,682,300,000","1,658,100,000","1,740,400,000","1,446,400,000","1,512,400,000","1,583,000,000","1,479,100,000","1,309,800,000","1,112,000,000","1,087,300,000","1,408,100,000","1,524,600,000","1,458,500,000","1,343,600,000","1,358,600,000","1,346,800,000","1,216,500,000","1,166,400,000","1,124,800,000","1,055,100,000","896,800,000","840,400,000","880,200,000","958,300,000","1,127,400,000","1,093,000,000","1,000,300,000","898,400,000","829,200,000","814,000,000","692,800,000","634,200,000","550,700,000","498,500,000","547,100,000","543,900,000","500,500,000","513,800,000","482,600,000","528,500,000","682,700,000","697,300,000","699,800,000","678,700,000","722,600,000","710,600,000","707,700,000","686,900,000","654,800,000","646,700,000","700,400,000","696,700,000","680,200,000","685,900,000","685,700,000","670,300,000","676,200,000","611,400,000","624,500,000","606,200,000","591,600,000","588,700,000","599,200,000","670,400,000","656,000,000","632,800,000","615,200,000","597,000,000","580,600,000","574,600,000","645,900,000","658,500,000","649,900,000","621,000,000","606,800,000","605,000,000","587,100,000","636,300,000","635,600,000","513,600,000","475,900,000","470,700,000","408,400,000","393,100,000","380,700,000","384,300,000","397,000,000","423,000,000","421,400,000","397,400,000","365,300,000","330,800,000"
	StockholdersEquity,"3,898,000,000","3,627,000,000","3,704,000,000","3,639,000,000","3,492,000,000","3,275,000,000","2,886,000,000","2,762,000,000","2,630,000,000","2,949,000,000","3,365,000,000","3,460,000,000","3,546,000,000","3,458,000,000","3,640,000,000","3,889,000,000","4,033,000,000","3,941,000,000","3,529,000,000","3,604,000,000","3,619,000,000","3,435,000,000","3,713,000,000","3,731,000,000","1,068,000,000","1,251,300,000","1,033,700,000","1,138,600,000","940,700,000","1,033,100,000","1,214,500,000","1,206,900,000","1,079,600,000","1,199,900,000","1,129,400,000","1,026,600,000","1,074,900,000","1,114,600,000","1,298,200,000","1,175,200,000","1,185,800,000","1,219,100,000","1,407,700,000","1,579,400,000","1,527,900,000","1,518,000,000","1,605,800,000","1,444,800,000","1,510,600,000","1,581,300,000","1,477,500,000","1,307,800,000","1,110,300,000","1,085,800,000","1,406,600,000","1,523,200,000","1,457,300,000","1,342,500,000","1,357,300,000","1,345,600,000","1,215,400,000","1,165,400,000","1,119,900,000","1,050,300,000","891,500,000","835,300,000","875,200,000","952,700,000","1,120,800,000","1,086,600,000","994,100,000","891,900,000","822,900,000","807,800,000","686,500,000","628,100,000","544,800,000","492,900,000","541,600,000","535,000,000","492,100,000","504,100,000","472,400,000","517,700,000","667,800,000","682,400,000","685,700,000","663,400,000","703,500,000","690,900,000","687,600,000","666,200,000","634,200,000","622,300,000","664,700,000","655,400,000","636,200,000","634,200,000","630,900,000","616,900,000","600,500,000","604,400,000","617,200,000","596,700,000","582,400,000","582,700,000","593,500,000","647,200,000","628,000,000","616,700,000","600,000,000","579,000,000","563,400,000","558,700,000","630,700,000","639,700,000","631,900,000","604,000,000","590,000,000","576,400,000","559,700,000","607,000,000","606,800,000","483,500,000","462,000,000","457,500,000","408,400,000","393,100,000","380,700,000","384,300,000","397,000,000","423,000,000","421,400,000","397,400,000","365,300,000","330,800,000"
		CapitalStock,"1,226,000,000","1,220,000,000","1,209,000,000","1,195,000,000","1,171,000,000","1,167,000,000","1,164,000,000","1,153,000,000","1,151,000,000","1,178,000,000","1,177,000,000","1,172,000,000","1,154,000,000","1,157,000,000","1,142,000,000","1,120,000,000","1,100,000,000","1,084,000,000","1,072,000,000","1,060,000,000","1,040,000,000","1,038,000,000","1,019,000,000","995,000,000","978,000,000","961,700,000","1,171,300,000","1,160,400,000","1,149,800,000","1,131,300,000","1,119,300,000","1,105,700,000","1,093,300,000","1,078,400,000","1,068,300,000","1,056,000,000","1,046,800,000","1,026,300,000","0","0","0","941,700,000","0","0","910,500,000","893,400,000","876,500,000","859,900,000","843,300,000","830,800,000","820,800,000","804,400,000","795,600,000","0","0","0","0","0","0","0","0","0","0","0","678,200,000","633,600,000","623,500,000","618,200,000","621,200,000","610,800,000","587,400,000","580,500,000","576,700,000","567,300,000","538,100,000","528,100,000","523,900,000","514,500,000","508,800,000","499,600,000","492,800,000","478,900,000","467,700,000","506,400,000","495,500,000","486,700,000","476,800,000","473,700,000","463,300,000","448,700,000","438,200,000","32,300,000","28,800,000","27,700,000","25,800,000","25,800,000","22,900,000","22,900,000","20,100,000","20,300,000","16,900,000","17,700,000","15,100,000","15,100,000","14,700,000","15,200,000","12,400,000","13,300,000","11,000,000","11,900,000","10,700,000","11,000,000","9,200,000","10,100,000","8,300,000","9,000,000","7,600,000","8,000,000","6,300,000","6,500,000","5,300,000","55,800,000","54,600,000","54,500,000","53,600,000","53,600,000","2,300,000","2,200,000","1,500,000","1,300,000",,,,,,
			PreferredStock,,,,,,,,,,,,,,,,,,,,,,,,,,,,,,,,,,,,,,,,,,,,,,,,,,,,,,,,,,,,,,,,,,,,,,,,,,,,,,,,,,,,"45,600,000","41,700,000","42,800,000","37,700,000","39,200,000","34,800,000","35,700,000","31,200,000","32,300,000","28,800,000","27,700,000","25,800,000","25,800,000","22,900,000","22,900,000","20,100,000","20,300,000","16,900,000","17,700,000","15,100,000","15,100,000","14,700,000","15,200,000","12,400,000","13,300,000","11,000,000","11,900,000","10,700,000","11,000,000","9,200,000","10,100,000","8,300,000","9,000,000","7,600,000","8,000,000","6,300,000","6,500,000","5,300,000","55,800,000","54,600,000","54,500,000","53,600,000","53,600,000","2,300,000","2,200,000","1,500,000","1,300,000",,,,,,
			CommonStock,"1,226,000,000","1,220,000,000","1,209,000,000","1,195,000,000","1,171,000,000","1,167,000,000","1,164,000,000","1,153,000,000","1,151,000,000","1,178,000,000","1,177,000,000","1,172,000,000","1,154,000,000","1,157,000,000","1,142,000,000","1,120,000,000","1,100,000,000","1,084,000,000","1,072,000,000","1,060,000,000","1,040,000,000","1,038,000,000","1,019,000,000","995,000,000","978,000,000","961,700,000","1,171,300,000","1,160,400,000","1,149,800,000","1,131,300,000","1,119,300,000","1,105,700,000","1,093,300,000","1,078,400,000","1,068,300,000","1,056,000,000","1,046,800,000","1,026,300,000","0","0","0","941,700,000","0","0","910,500,000","893,400,000","876,500,000","859,900,000","843,300,000","830,800,000","820,800,000","804,400,000","795,600,000","0","0","0","0","0","0","0","0","0","0","0","678,200,000","633,600,000","623,500,000","618,200,000","621,200,000","610,800,000","587,400,000","580,500,000","576,700,000","567,300,000","538,100,000","528,100,000","523,900,000","514,500,000","508,800,000","499,600,000","492,800,000","478,900,000","467,700,000","460,800,000","453,800,000","443,900,000","439,100,000","434,500,000","428,500,000","413,000,000","407,000,000","0","0","0","0","0","0","0","0","0","0","0","0","0","0","0","0","0","0","0","0","0","0","0","0","0","0","0","0","0","0","0","0","0","0","0","0","0","0","0",,,,,,
		AdditionalPaidInCapital,,,,,,,,,,,"1,177,000,000","1,172,000,000","1,154,000,000","1,157,000,000","1,142,000,000","1,120,000,000","1,100,000,000","1,084,000,000","1,072,000,000","1,060,000,000","1,040,000,000","1,038,000,000","1,019,000,000","995,000,000","978,000,000","961,700,000","1,171,300,000","1,160,400,000","1,149,800,000","1,131,300,000","1,119,300,000","1,105,700,000","1,093,300,000","1,078,400,000","1,068,300,000","1,056,000,000","1,046,800,000","1,026,300,000","1,008,300,000","993,700,000","977,800,000",,"931,200,000","922,100,000",,,,,,,,,,"788,000,000","782,800,000","778,500,000","767,400,000","760,300,000","752,100,000","740,500,000","724,800,000","703,400,000","694,100,000","685,200,000",,,,,,,,,,,,,,,,,,,,,,,,,,,,,,,,,,,,,,,,,,,,,,,,,,,,,,,,,,,,,,,,,,,,,,,,
		RetainedEarnings,"7,224,000,000","6,843,000,000","6,611,000,000","6,496,000,000","6,342,000,000","6,192,000,000","6,014,000,000","5,822,000,000","5,777,000,000","5,803,000,000","5,694,000,000","5,651,000,000","5,504,000,000","5,341,000,000","5,224,000,000","5,199,000,000","5,114,000,000","4,987,000,000","4,863,000,000","4,849,000,000","4,784,000,000","4,739,000,000","4,708,000,000","4,733,000,000","4,412,000,000","4,557,500,000","4,519,600,000","4,492,700,000","4,349,800,000","4,346,900,000","4,288,100,000","4,158,300,000","3,989,200,000","3,913,800,000","3,807,300,000","3,710,300,000","3,633,900,000","3,580,800,000","3,525,600,000","3,424,700,000","3,300,900,000","3,228,300,000","3,162,000,000","3,040,400,000","2,909,200,000","2,829,800,000","2,745,300,000","2,526,900,000","2,467,100,000","2,397,100,000","2,325,200,000","2,231,000,000","2,107,100,000","2,047,100,000","2,022,000,000","1,929,500,000","1,839,100,000","1,765,000,000","1,741,000,000","1,690,200,000","1,594,700,000","1,535,300,000","1,475,600,000","1,384,600,000","1,262,300,000","1,227,900,000","1,192,100,000","1,123,300,000","1,055,000,000","1,007,500,000","960,300,000","869,700,000","787,300,000","748,800,000","718,300,000","657,800,000","588,700,000","562,000,000","522,200,000","477,200,000","432,400,000","410,000,000","407,900,000","376,300,000","543,100,000","529,300,000","508,100,000","469,300,000","496,100,000","481,200,000","466,900,000","435,100,000","408,400,000","397,900,000","423,600,000","416,100,000","402,400,000","379,500,000","378,800,000","362,800,000","347,200,000","344,500,000","357,800,000","343,300,000","336,900,000","336,400,000","347,900,000","405,100,000","390,400,000","378,600,000","364,400,000","346,000,000","334,200,000","332,200,000","407,700,000","417,500,000","415,800,000","482,400,000","475,600,000","466,800,000","456,300,000","458,900,000","464,200,000","448,900,000","431,300,000","429,700,000","435,300,000","422,900,000","412,100,000","410,000,000","417,300,000","410,900,000","401,600,000","380,900,000","332,300,000","291,500,000"
		TreasuryStock,"3,941,000,000","3,854,000,000","3,463,000,000","3,255,000,000","3,124,000,000","3,130,000,000","3,137,000,000","3,145,000,000","3,159,000,000","3,122,000,000","2,790,000,000","2,566,000,000","2,323,000,000","2,205,000,000","1,926,000,000","1,663,000,000","1,508,000,000","1,474,000,000","1,481,000,000","1,386,000,000","1,392,000,000","1,401,000,000","1,398,000,000","1,404,000,000","3,713,000,000","3,628,000,000","4,037,100,000","3,910,800,000","3,916,800,000","3,923,000,000","3,867,400,000","3,804,000,000","3,746,400,000","3,551,600,000","3,418,100,000","3,347,300,000","3,206,700,000","3,140,100,000","2,944,500,000","2,890,100,000","2,820,900,000","2,615,700,000","2,520,600,000","2,377,100,000","2,282,400,000","2,123,100,000","1,927,800,000","1,749,300,000","1,707,500,000","1,582,800,000","1,573,800,000","1,556,300,000","1,560,400,000","1,566,800,000","1,524,000,000","1,446,300,000","1,385,600,000","1,289,700,000","1,167,900,000","1,090,700,000","1,089,200,000","1,043,800,000","992,300,000","961,500,000","955,400,000","925,500,000","892,900,000","734,500,000","562,200,000","564,900,000","555,300,000","551,000,000","524,600,000","506,900,000","498,600,000","481,500,000","449,500,000","445,300,000","435,400,000","415,200,000","397,600,000","341,100,000","362,100,000","336,600,000","336,500,000","303,900,000","269,700,000","249,900,000","227,900,000","212,300,000","188,100,000",,,,,,,,,,,,,,,,,,,,,,,,,,,,,,,,,,,,,,,,,,,,,
		GainsLossesNotAffectingRetainedEarnings,"-611,000,000","-582,000,000","-653,000,000","-797,000,000","-897,000,000","-954,000,000","-1,155,000,000","-1,068,000,000","-1,139,000,000","-910,000,000","-716,000,000","-797,000,000","-789,000,000","-835,000,000","-800,000,000","-767,000,000","-673,000,000","-656,000,000","-925,000,000","-919,000,000","-813,000,000","-941,000,000","-616,000,000","-593,000,000","-609,000,000","-639,900,000","-620,100,000","-603,700,000","-642,100,000","-522,100,000","-325,500,000","-253,100,000","-256,500,000","-240,700,000","-328,100,000","-392,400,000","-399,100,000","-352,400,000","-291,200,000","-353,100,000","-272,000,000","-335,200,000","-164,900,000","-6,000,000","-9,400,000","-82,100,000","-88,200,000","-192,700,000","-92,300,000","-63,800,000","-94,700,000","-171,300,000","-232,000,000","-182,500,000","125,800,000","261,500,000","236,400,000","106,900,000","32,100,000","5,600,000","-14,900,000","-29,500,000","-57,500,000","-58,000,000","-93,600,000","-100,700,000","-47,500,000","-54,300,000","6,800,000","33,200,000","1,700,000","-7,300,000","-16,500,000","-1,400,000","-71,300,000","-76,300,000","-118,300,000","-138,300,000","-54,000,000","-26,600,000","-35,500,000","-43,700,000","-41,100,000","-28,400,000","-34,300,000","-29,700,000","-29,500,000","-29,700,000","-28,000,000","-26,700,000","-29,400,000",,,,,,,,,,,,,,,,,,,,,,,,,,,,,,,,,,,,,,,,,,,,,
			ForeignCurrencyTranslationAdjustments,,,,,,,,,,,,,,,,,,,,,,,,,,,,,,,,,,,,,,,,,,,,,,,,,,,,,,"173,600,000",,,"308,100,000","221,800,000","188,000,000","148,600,000","139,600,000","131,800,000",,,,,,,,,,,,,,,,,,,,,,,,,,,,,,,,,,,,,,,,,,,,,,,,,,,,,,,,,,,,,,,,,,,,,,,,,,
			OtherEquityAdjustments,,,,,,,,,,,,,,,,,,,,,,,,,,,,,,,,,,,,,,,,,,,,,,,,,,,,,,"-356,100,000",,,"-71,700,000","-114,900,000","-155,900,000","-143,000,000","-154,500,000","-161,300,000",,,,,,,,,,,,,,,,,,,,,,,,,,,,,,,,,,,,,,,,,,,,,,,,,,,,,,,,,,,,,,,,,,,,,,,,,,
		OtherEquityInterest,,,,,,,,,,,,,,,,,,,,,,,,,,,,,,,,,,,,,,,,,,,,,,,,,,,,,,,,,,,,,,,,,,,,,,,,,,,,,,,,,,,,,,,,,,,,"198,800,000","197,000,000","196,700,000","215,300,000","213,500,000","210,900,000","231,800,000","232,000,000","233,800,000","236,400,000","242,200,000","244,300,000","238,300,000","230,800,000","231,100,000","233,200,000","228,800,000","226,600,000","226,200,000","224,900,000","222,000,000","220,000,000","216,400,000","214,700,000","213,200,000","208,500,000","113,600,000","108,100,000","103,100,000","98,100,000","92,300,000","88,000,000","-19,900,000","-22,900,000","-25,800,000","-29,200,000","-32,000,000","-32,900,000","-27,000,000","-20,300,000","12,100,000","19,800,000","16,500,000","33,000,000","39,300,000"
	MinorityInterest,"59,000,000","58,000,000","61,000,000","62,000,000","62,000,000","62,000,000","67,000,000","68,000,000","70,000,000","70,000,000","100,000,000","104,000,000","103,000,000","104,000,000","105,000,000","106,000,000","105,000,000","105,000,000","109,000,000","106,000,000","104,000,000","106,000,000","107,000,000","103,000,000","10,000,000","10,000,000","209,700,000","204,200,000","212,700,000","206,500,000","200,200,000","199,700,000","202,500,000","191,400,000","187,400,000","180,800,000","182,600,000","175,400,000","171,900,000","166,200,000","162,900,000","158,900,000","160,300,000","155,400,000","154,400,000","140,100,000","134,600,000","1,600,000","1,800,000","1,700,000","1,600,000","2,000,000","1,700,000","1,500,000","1,500,000","1,400,000","1,200,000","1,100,000","1,300,000","1,200,000","1,100,000","1,000,000","4,900,000","4,800,000","5,300,000","5,100,000","5,000,000","5,600,000","6,600,000","6,400,000","6,200,000","6,500,000","6,300,000","6,200,000","6,300,000","6,100,000","5,900,000","5,600,000","5,500,000","8,900,000","8,400,000","9,700,000","10,200,000","10,800,000","14,900,000","14,900,000","14,100,000","15,300,000","19,100,000","19,700,000","20,100,000","20,700,000","20,600,000","24,400,000","35,700,000","41,300,000","44,000,000","51,700,000","54,800,000","53,400,000","75,700,000","7,000,000","7,300,000","9,500,000","9,200,000","6,000,000","5,700,000","23,200,000","28,000,000","16,100,000","15,200,000","18,000,000","17,200,000","15,900,000","15,200,000","18,800,000","18,000,000","17,000,000","16,800,000","28,600,000","27,400,000","29,300,000","28,800,000","30,100,000","13,900,000","13,200,000",,,,,,,,,,
TotalCapitalization,"12,163,000,000","11,349,000,000","11,459,000,000","10,609,000,000","10,433,000,000","11,058,000,000","10,565,000,000","9,920,000,000","10,106,000,000","9,286,000,000","9,988,000,000","10,376,000,000","10,265,000,000","9,968,000,000","10,163,000,000","11,060,000,000","11,164,000,000","10,459,000,000","10,633,000,000","10,830,000,000","11,095,000,000","10,745,000,000","11,437,000,000","11,965,000,000","6,476,000,000","6,305,500,000","3,913,100,000","4,120,700,000","4,092,800,000","4,026,900,000","4,223,500,000","4,336,100,000","4,437,300,000","4,382,400,000","4,546,900,000","4,499,200,000","4,480,200,000","4,199,900,000","4,230,300,000","4,138,700,000","4,316,300,000","3,915,800,000","4,385,200,000","4,704,300,000","4,725,200,000","4,219,600,000","3,660,600,000","3,601,900,000","3,828,500,000","3,865,200,000","4,010,200,000","3,321,800,000","3,467,400,000","3,192,900,000","3,844,600,000","3,938,500,000","3,907,800,000","3,524,300,000","3,586,200,000","3,578,600,000","3,576,100,000","3,435,800,000","3,531,600,000","3,563,300,000","3,425,200,000","2,308,600,000","2,430,800,000","2,540,700,000","2,751,800,000","2,624,300,000","2,493,500,000","2,476,000,000","2,455,300,000","2,387,100,000","2,487,000,000","2,528,700,000","2,550,600,000","2,346,900,000","1,430,500,000","1,445,000,000","1,502,500,000","1,453,200,000","1,438,200,000","1,555,300,000","1,812,200,000","1,694,000,000","1,750,200,000","1,771,000,000","1,879,800,000","1,783,600,000","1,917,700,000","1,962,100,000","1,954,500,000","1,852,100,000","1,924,600,000","1,010,000,000","995,700,000","1,000,300,000","1,030,100,000","1,061,900,000","1,054,500,000","1,012,100,000","1,045,000,000","1,028,400,000","1,039,200,000","903,100,000","899,000,000","1,136,100,000","999,900,000","993,700,000","1,002,700,000","1,096,000,000","1,077,700,000","1,072,000,000","1,153,400,000","1,209,200,000","1,221,000,000","1,055,700,000","961,000,000","1,022,600,000","1,033,800,000","940,900,000","1,035,400,000","967,100,000","877,700,000","862,300,000","656,200,000","636,100,000","635,100,000","647,100,000","641,200,000","662,500,000","617,700,000","498,100,000","466,900,000","420,700,000"
PreferredStockEquity,,,,,,,,,,,,,,,,,,,,,,,,,,,,,,,,,,,,,,,,,,,,,,,,,,,,,,,,,,,,,,,,,,,,,,,,,,,,,,,,,,,,"45,600,000","41,700,000","42,800,000","37,700,000","39,200,000","34,800,000","35,700,000","31,200,000","32,300,000","28,800,000","27,700,000","25,800,000","25,800,000","22,900,000","22,900,000","20,100,000","20,300,000","16,900,000","17,700,000","15,100,000","15,100,000","14,700,000","15,200,000","12,400,000","13,300,000","11,000,000","11,900,000","10,700,000","11,000,000","9,200,000","10,100,000","8,300,000","9,000,000","7,600,000","8,000,000","6,300,000","6,500,000","5,300,000","55,800,000","54,600,000","54,500,000","53,600,000","53,600,000","2,300,000","2,200,000","1,500,000","1,300,000",,,,,,
CommonStockEquity,"3,898,000,000","3,627,000,000","3,704,000,000","3,639,000,000","3,492,000,000","3,275,000,000","2,886,000,000","2,762,000,000","2,630,000,000","2,949,000,000","3,365,000,000","3,460,000,000","3,546,000,000","3,458,000,000","3,640,000,000","3,889,000,000","4,033,000,000","3,941,000,000","3,529,000,000","3,604,000,000","3,619,000,000","3,435,000,000","3,713,000,000","3,731,000,000","1,068,000,000","1,251,300,000","1,033,700,000","1,138,600,000","940,700,000","1,033,100,000","1,214,500,000","1,206,900,000","1,079,600,000","1,199,900,000","1,129,400,000","1,026,600,000","1,074,900,000","1,114,600,000","1,298,200,000","1,175,200,000","1,185,800,000","1,219,100,000","1,407,700,000","1,579,400,000","1,527,900,000","1,518,000,000","1,605,800,000","1,444,800,000","1,510,600,000","1,581,300,000","1,477,500,000","1,307,800,000","1,110,300,000","1,085,800,000","1,406,600,000","1,523,200,000","1,457,300,000","1,342,500,000","1,357,300,000","1,345,600,000","1,215,400,000","1,165,400,000","1,119,900,000","1,050,300,000","891,500,000","835,300,000","875,200,000","952,700,000","1,120,800,000","1,086,600,000","994,100,000","891,900,000","822,900,000","807,800,000","686,500,000","628,100,000","544,800,000","492,900,000","541,600,000","535,000,000","492,100,000","504,100,000","472,400,000","472,100,000","626,100,000","639,600,000","648,000,000","624,200,000","668,700,000","655,200,000","656,400,000","633,900,000","605,400,000","594,600,000","638,900,000","629,600,000","613,300,000","611,300,000","610,800,000","596,600,000","583,600,000","586,700,000","602,100,000","581,600,000","567,700,000","567,500,000","581,100,000","633,900,000","617,000,000","604,800,000","589,300,000","568,000,000","554,200,000","548,600,000","622,400,000","630,700,000","624,300,000","596,000,000","583,700,000","569,900,000","554,400,000","551,200,000","552,200,000","429,000,000","408,400,000","403,900,000","406,100,000","390,900,000","379,200,000","383,000,000","397,000,000","423,000,000","421,400,000","397,400,000","365,300,000","330,800,000"
CapitalLeaseObligations,"446,000,000","420,000,000",,,,"63,000,000","61,000,000","58,000,000","253,000,000","239,000,000","242,000,000","240,000,000","235,000,000",,,,,,,,,,,,,,,,,,,,,,,,,,,,,,,,,,,,,,,,,,,,,,,,,,,,,,,,,,,,,,,,,,,,,,,,,,,,,,,,,,,,,,,,,,,,,,,,,,,,,,,,,,,,,,,,,,,,,,,,,,,
NetTangibleAssets,"-2,053,000,000","-2,439,000,000","-2,435,000,000","-2,594,000,000","-2,737,000,000","-3,092,000,000","-3,412,000,000","-3,454,000,000","-3,554,000,000","-3,472,000,000","-3,033,000,000","-3,077,000,000","-3,001,000,000","-3,205,000,000","-3,104,000,000","-2,932,000,000","-3,369,000,000","-3,454,000,000","-3,869,000,000","-3,766,000,000","-3,450,000,000","-3,594,000,000","-3,544,000,000","-3,504,000,000","-1,383,000,000","-1,120,200,000","-1,370,100,000","-1,272,700,000","-1,440,300,000","-1,421,100,000","-1,294,800,000","-1,394,000,000","-1,543,300,000","-1,435,500,000","-1,483,500,000","-1,544,000,000","-1,472,900,000","-1,458,100,000","-1,164,900,000","-1,548,900,000","-1,601,200,000","-1,208,600,000","-1,314,300,000","-1,283,400,000","-1,323,700,000","-1,004,900,000","-937,300,000","-904,200,000","-977,900,000","-954,100,000","-754,100,000","-866,700,000","-1,036,900,000","-1,250,700,000","-853,800,000","-543,300,000","-614,700,000","-642,500,000","-605,100,000","-565,000,000","-685,500,000","-724,500,000","-721,400,000","-807,900,000","-887,800,000","-423,300,000","-667,800,000","-335,200,000","-526,800,000","-613,100,000","-386,400,000","-422,500,000","-478,000,000","-529,100,000","-559,400,000","-690,700,000","-977,000,000","-655,200,000","-89,500,000","-95,800,000","-131,900,000","-111,600,000","-84,300,000","-43,800,000","5,300,000","5,600,000","28,400,000","2,400,000","8,500,000","-24,200,000","-18,400,000","-75,200,000","-136,400,000","-172,500,000","145,500,000","442,600,000","424,100,000","634,200,000","462,200,000","449,300,000","356,900,000","604,400,000","463,700,000","451,700,000","437,900,000","516,600,000","530,200,000","553,300,000","534,800,000","522,900,000","501,500,000","480,000,000","463,500,000","457,200,000","630,700,000","639,700,000","631,900,000","558,900,000","590,000,000","576,400,000","559,700,000","566,200,000","606,800,000","483,500,000","462,000,000","444,400,000","408,400,000","393,100,000","380,700,000","384,300,000","397,000,000","423,000,000","421,400,000","397,400,000","365,300,000","330,800,000"
WorkingCapital,"-180,000,000","-730,000,000","-214,000,000","-888,000,000","-747,000,000","231,000,000","261,000,000","-116,000,000","238,000,000","-693,000,000","56,000,000","399,000,000","364,000,000","-155,000,000","47,000,000","921,000,000","255,000,000","-349,000,000","152,000,000","415,000,000","889,000,000","684,000,000","1,161,000,000","-267,000,000","91,000,000","42,400,000","103,000,000","312,800,000","428,600,000","306,700,000","356,900,000","446,200,000","583,000,000","538,300,000","855,200,000","852,100,000","879,800,000","653,600,000","740,200,000","623,200,000","704,300,000","465,800,000","788,300,000","972,800,000","1,031,000,000","922,400,000","422,800,000","669,100,000","546,100,000","494,700,000","1,125,000,000","465,200,000","628,800,000","302,900,000","652,100,000","576,900,000","559,400,000","329,800,000","455,100,000","521,000,000","525,200,000","307,000,000","425,400,000","452,000,000","414,100,000","49,800,000","162,400,000","282,200,000","416,600,000","249,300,000","211,500,000","202,500,000","176,800,000","62,400,000","240,500,000","220,500,000","338,400,000","155,600,000","155,800,000","204,200,000","262,200,000","218,800,000","327,400,000","362,800,000","455,500,000","310,200,000","348,000,000","338,900,000","376,700,000","225,700,000","382,600,000","359,600,000","318,900,000","198,000,000","198,400,000","-1,800,000","-32,700,000","-39,700,000","-32,200,000","16,800,000","26,900,000","255,600,000","96,000,000","126,600,000","168,300,000","95,200,000","162,300,000","296,700,000","192,300,000","198,400,000","206,100,000","297,000,000","257,400,000","240,900,000","305,700,000","370,400,000","353,800,000","260,100,000","197,800,000","218,600,000","234,600,000","192,300,000","292,400,000","234,600,000","244,400,000","219,200,000","153,800,000","145,600,000","144,800,000","154,700,000","155,300,000","173,900,000","148,700,000","112,300,000","165,900,000","129,400,000"
InvestedCapital,"12,456,000,000","11,364,000,000","12,221,000,000","11,380,000,000","11,199,000,000","11,075,000,000","10,596,000,000","10,443,000,000","10,628,000,000","10,766,000,000","10,349,000,000","10,768,000,000","10,664,000,000","10,187,000,000","10,313,000,000","11,236,000,000","11,501,000,000","10,912,000,000","11,085,000,000","11,152,000,000","11,592,000,000","10,967,000,000","11,810,000,000","15,090,000,000","6,867,000,000","6,382,800,000","4,196,000,000","4,398,900,000","4,437,500,000","4,202,000,000","4,530,000,000","4,744,100,000","4,850,200,000","4,805,000,000","4,651,400,000","4,857,700,000","4,905,800,000","4,419,700,000","4,632,000,000","4,637,900,000","4,814,700,000","4,363,200,000","4,864,400,000","5,053,800,000","5,045,200,000","4,330,300,000","4,253,100,000","4,152,600,000","4,704,200,000","4,177,500,000","4,263,300,000","3,681,100,000","3,769,700,000","3,495,900,000","4,066,100,000","4,265,600,000","4,216,900,000","3,701,100,000","3,755,600,000","3,740,700,000","3,814,300,000","3,617,100,000","3,668,500,000","3,697,200,000","3,544,200,000","2,425,000,000","2,627,000,000","2,706,100,000","2,896,800,000","2,747,300,000","2,617,500,000","2,633,800,000","2,664,100,000","2,494,700,000","2,637,600,000","2,676,000,000","2,694,500,000","2,473,900,000","1,564,600,000","1,567,400,000","1,630,400,000","1,568,200,000","1,594,000,000","1,666,400,000","1,939,200,000","1,776,900,000","1,860,300,000","1,892,300,000","1,995,900,000","1,851,900,000","1,990,400,000","2,053,700,000","2,104,500,000","1,951,200,000","2,103,600,000","1,414,600,000","1,435,500,000","1,384,400,000","1,446,800,000","1,457,400,000","1,486,000,000","1,169,600,000","1,322,700,000","1,280,200,000","1,222,700,000","1,042,900,000","1,005,400,000","1,289,300,000","1,185,000,000","1,098,500,000","1,138,800,000","1,207,200,000","1,246,500,000","1,185,800,000","1,267,100,000","1,361,300,000","1,372,000,000","1,137,500,000","1,086,900,000","1,214,300,000","1,192,100,000","1,044,000,000","1,010,700,000","1,071,900,000","935,800,000","892,000,000","699,700,000","701,700,000","716,000,000","701,000,000","672,400,000","700,600,000","654,800,000","545,000,000","489,300,000","428,700,000"
TangibleBookValue,"-2,053,000,000","-2,439,000,000","-2,435,000,000","-2,594,000,000","-2,737,000,000","-3,092,000,000","-3,412,000,000","-3,454,000,000","-3,554,000,000","-3,472,000,000","-3,033,000,000","-3,077,000,000","-3,001,000,000","-3,205,000,000","-3,104,000,000","-2,932,000,000","-3,369,000,000","-3,454,000,000","-3,869,000,000","-3,766,000,000","-3,450,000,000","-3,594,000,000","-3,544,000,000","-3,504,000,000","-1,383,000,000","-1,120,200,000","-1,370,100,000","-1,272,700,000","-1,440,300,000","-1,421,100,000","-1,294,800,000","-1,394,000,000","-1,543,300,000","-1,435,500,000","-1,483,500,000","-1,544,000,000","-1,472,900,000","-1,458,100,000","-1,164,900,000","-1,548,900,000","-1,601,200,000","-1,208,600,000","-1,314,300,000","-1,283,400,000","-1,323,700,000","-1,004,900,000","-937,300,000","-904,200,000","-977,900,000","-954,100,000","-754,100,000","-866,700,000","-1,036,900,000","-1,250,700,000","-853,800,000","-543,300,000","-614,700,000","-642,500,000","-605,100,000","-565,000,000","-685,500,000","-724,500,000","-721,400,000","-807,900,000","-887,800,000","-423,300,000","-667,800,000","-335,200,000","-526,800,000","-613,100,000","-386,400,000","-422,500,000","-478,000,000","-529,100,000","-559,400,000","-690,700,000","-977,000,000","-655,200,000","-89,500,000","-95,800,000","-131,900,000","-111,600,000","-84,300,000","-89,400,000","-36,400,000","-37,200,000","-9,300,000","-36,800,000","-26,300,000","-59,900,000","-49,600,000","-107,500,000","-165,200,000","-200,200,000","119,700,000","416,800,000","401,200,000","611,300,000","442,100,000","429,000,000","340,000,000","586,700,000","448,600,000","436,600,000","423,200,000","501,400,000","517,800,000","540,000,000","523,800,000","511,000,000","490,800,000","469,000,000","454,300,000","447,100,000","622,400,000","630,700,000","624,300,000","550,900,000","583,700,000","569,900,000","554,400,000","510,400,000","552,200,000","429,000,000","408,400,000","390,800,000","406,100,000","390,900,000","379,200,000","383,000,000","397,000,000","423,000,000","421,400,000","397,400,000","365,300,000","330,800,000"
TotalDebt,"9,004,000,000","8,157,000,000","8,517,000,000","7,741,000,000","7,707,000,000","7,863,000,000","7,771,000,000","7,739,000,000","8,251,000,000","8,056,000,000","7,226,000,000","7,548,000,000","7,353,000,000","6,729,000,000","6,673,000,000","7,347,000,000","7,468,000,000","6,971,000,000","7,556,000,000","7,548,000,000","7,973,000,000","7,532,000,000","8,097,000,000","11,359,000,000","5,799,000,000","5,131,500,000","3,162,300,000","3,260,300,000","3,496,800,000","3,168,900,000","3,315,500,000","3,537,200,000","3,770,600,000","3,605,100,000","3,522,000,000","3,831,100,000","3,830,900,000","3,305,100,000","3,333,800,000","3,462,700,000","3,628,900,000","3,144,100,000","3,456,700,000","3,474,400,000","3,517,300,000","2,812,300,000","2,647,300,000","2,707,800,000","3,193,600,000","2,596,200,000","2,785,800,000","2,373,300,000","2,659,400,000","2,410,100,000","2,659,500,000","2,742,400,000","2,759,600,000","2,358,600,000","2,398,300,000","2,395,100,000","2,598,900,000","2,451,700,000","2,548,600,000","2,646,900,000","2,652,700,000","1,589,700,000","1,751,800,000","1,753,400,000","1,776,000,000","1,660,700,000","1,623,400,000","1,741,900,000","1,841,200,000","1,686,900,000","1,951,100,000","2,047,900,000","2,149,700,000","1,981,000,000","1,023,000,000","1,032,400,000","1,138,300,000","1,064,100,000","1,121,600,000","1,194,300,000","1,313,100,000","1,137,300,000","1,212,300,000","1,268,100,000","1,327,200,000","1,196,700,000","1,334,000,000","1,419,800,000","1,499,100,000","1,356,600,000","1,464,700,000","785,000,000","822,200,000","773,100,000","836,000,000","860,800,000","902,400,000","582,900,000","720,600,000","698,600,000","655,000,000","475,400,000","424,300,000","655,400,000","568,000,000","493,700,000","549,500,000","639,200,000","692,300,000","637,200,000","644,700,000","730,600,000","747,700,000","541,500,000","503,200,000","644,400,000","637,700,000","492,800,000","458,500,000","642,900,000","527,400,000","488,100,000","293,600,000","310,800,000","336,800,000","318,000,000","275,400,000","277,600,000","233,400,000","147,600,000","124,000,000","97,900,000"
NetDebt,"8,121,000,000","7,174,000,000","7,071,000,000","7,170,000,000","7,246,000,000","6,434,000,000","6,939,000,000","7,038,000,000","7,197,000,000","6,019,000,000","6,501,000,000","6,544,000,000","6,515,000,000","6,008,000,000","6,075,000,000","6,798,000,000","6,991,000,000","6,523,000,000","7,000,000,000","7,115,000,000","7,515,000,000","6,935,000,000","7,452,000,000","4,960,000,000","5,594,000,000","4,907,500,000","2,917,900,000","3,033,000,000","3,268,000,000","2,977,500,000","3,126,000,000","3,381,900,000","3,595,200,000","3,189,100,000","3,353,800,000","3,661,600,000","3,622,900,000","3,131,000,000","3,152,600,000","3,339,200,000","3,522,100,000","2,978,300,000","3,266,600,000","3,329,600,000","3,324,200,000","2,660,300,000","2,478,600,000","2,632,800,000","2,802,200,000","2,385,600,000","2,367,700,000","2,313,800,000","2,606,300,000","2,282,700,000","2,545,600,000","2,679,000,000","2,669,700,000","2,207,000,000","2,318,900,000","2,303,200,000","2,547,700,000","2,300,200,000","2,489,500,000","2,594,400,000","2,605,800,000","1,528,700,000","1,661,400,000","1,677,700,000","1,689,200,000","1,462,000,000","1,555,600,000","1,706,000,000","1,800,000,000","1,650,400,000","1,892,700,000","2,008,100,000","2,095,600,000","1,721,800,000","964,800,000","995,900,000","1,116,400,000","981,000,000","1,085,200,000","1,169,400,000","1,285,100,000","1,111,700,000","1,184,900,000","1,233,300,000","1,284,700,000","1,160,900,000","1,303,400,000","1,371,100,000","1,457,000,000","1,322,600,000","1,430,700,000","716,600,000","780,900,000","747,600,000","807,900,000","832,900,000","867,500,000","413,700,000","709,800,000","678,400,000","636,200,000","470,300,000","382,800,000","645,200,000","559,900,000","483,300,000","539,900,000","630,300,000","682,700,000","629,000,000","631,100,000","721,100,000","730,400,000","527,000,000","493,300,000","623,400,000","619,100,000","472,000,000","420,000,000","620,700,000","509,900,000","458,100,000","277,400,000","300,200,000","324,900,000","307,600,000","262,700,000","255,300,000","217,700,000","131,000,000","113,800,000","82,900,000"
ShareIssued,"681,735,732","680,944,867","680,667,421","680,245,789","680,013,693","679,524,325","679,001,052","678,484,159","678,128,063","676,302,319","673,984,244","675,463,115","674,692,058","673,236,720","672,699,383","672,069,984","671,611,572","670,576,215","670,349,807","669,960,150","669,320,882","668,504,350","668,195,344","667,123,776","666,454,708","663,236,612","664,874,640","664,664,790","664,555,120","663,236,612","662,812,292","662,156,940","661,529,328","660,480,530","660,145,568","659,493,232","659,153,196","658,029,178","656,987,070","656,708,020","656,157,248","654,007,866","653,628,004","653,226,158","652,703,818","650,846,924","649,985,392","648,612,556","647,368,508","646,053,096","645,561,508","644,243,244","644,188,268","648,484,284","643,632,596","386,745,772","390,724,576","390,188,080","401,994,664","409,651,312","408,972,800","416,547,952","416,175,784","418,293,176","418,291,920","416,800,632","420,218,760","436,555,184","440,648,344","450,764,000","450,059,672","449,474,256","450,226,680","451,114,816","451,296,520","452,361,296","455,560,000","453,962,880","454,605,008","455,432,512","456,198,904","462,537,424","440,757,392","445,034,976","440,424,048","448,784,016","461,531,632","468,432,976","476,493,632","477,072,000","484,736,000","476,256,000","487,184,000","487,280,000","492,832,000","487,936,000","484,752,000","483,520,000","483,104,000","483,488,000","491,008,000","488,288,000","489,776,000","486,032,000","481,920,000","481,840,000","483,376,000","480,576,000","479,136,000","477,872,000","476,816,000","474,960,000","473,376,000","459,392,000","470,176,000","469,360,000","466,624,000","422,864,000","419,808,000","417,456,000","415,152,000","412,288,000","409,904,000","357,168,000","355,264,000","353,472,000","351,664,000","350,112,000","349,552,000","352,352,000","355,856,000","372,336,000","376,256,000","373,248,000","368,832,000","368,128,000"
OrdinarySharesNumber,"320,638,526","320,843,843","324,824,949","326,770,982","328,114,420","327,585,616","326,978,951","326,382,042","325,919,104","324,634,997","327,129,526","331,840,217","334,469,460","335,258,149","340,681,819","346,610,690","350,176,382","349,881,617","349,851,059","351,604,672","350,840,736","349,730,252","349,497,970","283,911,566","283,161,262","282,517,914","272,514,442","276,183,936","275,586,042","273,932,556","275,283,912","276,785,490","278,607,744","284,236,326","289,266,992","291,789,522","297,664,450","299,458,602","307,377,802","309,461,358","312,994,876","320,631,248","325,005,840","332,892,404","337,439,396","344,316,784","354,992,416","366,294,548","368,829,408","376,082,276","376,193,232","376,471,012","375,938,932","379,745,396","379,745,396","386,745,772","390,724,576","390,188,080","401,994,664","409,651,312","408,972,800","416,547,952","416,175,784","418,293,176","418,291,920","416,800,632","420,218,760","436,555,184","440,648,344","450,764,000","450,059,672","449,474,256","450,226,680","451,114,816","451,296,520","452,361,296","455,560,000","453,962,880","454,605,008","455,432,512","456,198,904","462,537,424","440,757,392","445,034,976","440,424,048","448,784,016","461,531,632","468,432,976","476,493,632","477,072,000","484,736,000","476,256,000","487,184,000","487,280,000","492,832,000","487,936,000","484,752,000","483,520,000","483,104,000","483,488,000","491,008,000","488,288,000","489,776,000","486,032,000","481,920,000","481,840,000","483,376,000","480,576,000","479,136,000","477,872,000","476,816,000","474,960,000","473,376,000","459,392,000","470,176,000","469,360,000","466,624,000","422,864,000","419,808,000","417,456,000","415,152,000","412,288,000","409,904,000","357,168,000","355,264,000","353,472,000","351,664,000","350,112,000","349,552,000","352,352,000","355,856,000","372,336,000","376,256,000","373,248,000","368,832,000","368,128,000"
TreasurySharesNumber,"361,097,206","360,101,024","355,842,472","353,474,807","351,899,273","351,938,709","352,022,101","352,102,117","352,208,959","351,667,322","346,854,718","343,622,898","340,222,598","337,978,571","332,017,564","325,459,294","321,435,190","320,694,598","320,498,748","318,355,478","318,480,146","318,774,098","318,697,374","383,212,210","383,293,446","380,718,698","392,360,198","388,480,854","388,969,078","389,304,056","387,528,380","385,371,450","382,921,584","376,244,204","370,878,576","367,703,710","361,488,746","358,570,576","349,609,268","347,246,662","343,162,372","333,376,618","328,622,164","320,333,754","315,264,422","306,530,140","294,992,976","282,318,008","278,539,100","269,970,820","269,368,276","267,772,232","268,249,336","268,738,888","263,887,200",,,,,,,,,,,,,,,,,,,,,,,,,,,,,,,,,,,,,,,,,,,,,,,,,,,,,,,,,,,,,,,,,,,,,,,,,,,,,,,,,