name,ttm,03/31/2022,12/31/2021,09/30/2021,06/30/2021,03/31/2021,12/31/2020,09/30/2020,06/30/2020,03/31/2020,12/31/2019
OperatingCashFlow,"-246,499,000","-57,042,000","-80,176,000","-45,126,000","-64,155,000","-92,869,000","56,366,882","-34,650,000","13,232,000","-37,176,000","-17,631"
	CashFlowFromContinuingOperatingActivities,"-246,499,000","-57,042,000","-80,176,000","-45,126,000","-64,155,000","-92,869,000","56,366,882","-34,650,000","13,232,000","-37,176,000","-17,631"
		NetIncomeFromContinuingOperations,"-614,648,000","-75,309,000","-187,201,000","-34,527,000","-317,611,000","-48,417,000","3,256,160","12,758,000","5,403,000","-28,162,000","-17,631"
		OperatingGainsLosses,"6,958,000","-12,394,000","1,000","-115,163,000","134,499,000","-85,430,000",,"-48,557,000","4,594,000","-12,030,000",
			GainLossOnInvestmentSecurities,"6,958,000","-12,394,000","1,000","-115,163,000","134,499,000","-85,430,000",,"-48,557,000","4,594,000","-12,030,000",
		DepreciationAmortizationDepletion,"1,912,000","826,000","848,000","120,000","118,000","160,000",,"138,000","153,000","122,000",
			DepreciationAndAmortization,"1,912,000","826,000","848,000","120,000","118,000","160,000",,"138,000","153,000","122,000",
		StockBasedCompensation,"161,650,000","40,640,000","31,181,000","46,803,000","43,026,000","42,713,000",,"1,501,000","1,471,000","1,977,000",
		OtherNonCashItems,"152,000","-17,000","58,000","68,000","43,000","13,712,000","-33,514,255","10,785,000","12,268,000","10,344,000",
		ChangeInWorkingCapital,"197,477,000","-10,788,000","74,937,000","57,573,000","75,770,000","-15,607,000","35,993,977","-11,275,000","-10,657,000","-9,427,000","0"
			ChangeInReceivables,"-26,810,000","-33,082,000","209,362,000","222,363,000","-425,453,000","-18,673,000",,"-11,548,000","-6,626,000","-14,447,000",
			ChangeInPrepaidAssets,"-7,813,000","-12,528,000","2,768,000","2,358,000",,,"5,996,334","-5,697,000",,,"0"
			ChangeInPayablesAndAccruedExpense,"90,872,000","38,995,000","43,405,000","6,550,000","1,922,000","2,372,000","-1,664,357","10,981,000","167,000","-4,549,000","0"
				ChangeInPayable,"90,134,000","42,552,000","41,694,000","3,364,000","2,524,000","-4,502,000",,"10,770,000","-13,000","-4,820,000",
					ChangeInAccountPayable,"9,131,000","-678,000","3,921,000","3,364,000","2,524,000","-4,502,000",,"10,770,000","-13,000","-4,820,000",
				ChangeInAccruedExpense,"738,000","-3,557,000","1,711,000","3,186,000","-602,000","6,874,000","4,272,643","211,000","180,000","271,000","0"
			ChangeInOtherCurrentAssets,"-7,978,000","2,447,000","-8,541,000","-4,763,000","9,188,000","-12,050,000",,"1,349,000","1,378,000","206,000",
			ChangeInOtherCurrentLiabilities,"32,328,000","-2,073,000","-235,358,000","-199,767,000","469,526,000","-862,000",,"-3,974,000","1,449,000","1,178,000",
			ChangeInOtherWorkingCapital,"116,878,000","-4,547,000","63,301,000","30,832,000","27,292,000","13,606,000",,"-2,386,000","-6,426,000","8,185,000",
InvestingCashFlow,"-141,458,000","36,513,000","-106,491,000","-242,345,000","170,865,000","-257,476,000","-897,847,000","1,500,000","-14,163,000","82,510,000","0"
	CashFlowFromContinuingInvestingActivities,"-141,458,000","36,513,000","-106,491,000","-242,345,000","170,865,000","-257,476,000","-897,847,000","1,500,000","-14,163,000","82,510,000","0"
		NetPPEPurchaseAndSale,"-782,000","-158,000","-238,000","-195,000","-191,000","-99,000",,"-167,000","-221,000","-242,000",
			PurchaseOfPPE,"-782,000","-158,000","-238,000","-195,000","-191,000","-99,000",,"-167,000","-221,000","-242,000",
		NetInvestmentPurchaseAndSale,"-140,676,000","36,671,000","-106,253,000","-242,150,000","171,056,000","-257,377,000",,"1,667,000","-13,942,000","82,752,000",
			PurchaseOfInvestment,"-714,672,000","-113,329,000","-170,654,000","-382,147,000","-48,542,000","-274,909,000",,"-78,982,000","-53,940,000","-19,326,000",
			SaleOfInvestment,"573,996,000","150,000,000","64,401,000","139,997,000","219,598,000","17,532,000",,"80,649,000","39,998,000","102,078,000",
FinancingCashFlow,"257,281,000","-5,608,000","284,371,000","3,988,000","-25,470,000","662,504,000","847,349,358","15,470,000","-4,151,000","-438,000","17,631"
	CashFlowFromContinuingFinancingActivities,"257,281,000","-5,608,000","284,371,000","3,988,000","-25,470,000","662,504,000","847,349,358","15,470,000","-4,151,000","-438,000","17,631"
		NetIssuancePaymentsOfDebt,"-25,905,000","0","0","0","-25,905,000","-5,020,000","-5,325,792","15,250,000","-4,622,000","-4,496,000","0"
			NetLongTermDebtIssuance,"-25,905,000","0","0","0","-25,905,000","-5,020,000",,"15,250,000","-4,622,000","-4,496,000",
				LongTermDebtPayments,"-25,905,000","0","0","0","-25,905,000","-5,020,000",,"-4,750,000","-4,622,000","-4,496,000",
			NetShortTermDebtIssuance,,,,,,,,,,,"0"
				ShortTermDebtIssuance,,,,,,,,,,,"0"
				ShortTermDebtPayments,,,,,,,,,,,"0"
		NetCommonStockIssuance,"282,882,000","-5,608,000","284,372,000","3,683,000","435,000","1,282,000","812,671,000","328,000","471,000","155,000","0"
			CommonStockIssuance,"288,968,000","331,000","284,372,000","3,830,000","435,000","1,282,000","812,671,000","328,000","471,000","155,000","0"
			CommonStockPayments,"-6,086,000","-5,939,000","0",,,,,,,,
		ProceedsFromStockOptionExercised,,,"0",,,,,,,,"0"
		NetOtherFinancingCharges,,,"-1,000","0","0","666,242,000","23,604,150","-108,000","0","3,903,000","17,631"
EndCashPosition,"273,831,000","273,831,000","299,968,000","202,264,000","485,747,000","404,507,000","28,003,240","89,732,000","107,412,000","112,494,000","0"
	ChangesInCash,"-130,676,000","-26,137,000","97,704,000","-283,483,000","81,240,000","312,159,000","5,869,240","-17,680,000","-5,082,000","44,896,000",
	BeginningCashPosition,"404,507,000","299,968,000","202,264,000","485,747,000","404,507,000","92,348,000","89,732,000","107,412,000","112,494,000","67,598,000","0"
InterestPaidSupplementalData,"865,000","0",,,"865,000","812,000",,"1,044,000","1,174,000","1,306,000",
CapitalExpenditure,"-782,000","-158,000","-238,000","-195,000","-191,000","-99,000",,"-167,000","-221,000","-242,000",
IssuanceOfCapitalStock,"288,968,000","331,000","284,372,000","3,830,000","435,000","1,282,000","812,671,000","328,000","471,000","155,000","0"
IssuanceOfDebt,,,,,,,"-18,893,792",,,,"0"
RepaymentOfDebt,"-25,905,000","0","0","0","-25,905,000","-5,020,000","13,568,000","-4,750,000","-4,622,000","-4,496,000","0"
RepurchaseOfCapitalStock,"-6,086,000","-5,939,000","0",,,,,,,,
FreeCashFlow,"-247,281,000","-57,200,000","-80,414,000","-45,321,000","-64,346,000","-92,968,000","56,996,882","-34,817,000","13,011,000","-37,418,000","-17,631"