name,ttm,03/31/2022,12/31/2021,09/30/2021,06/30/2021,03/31/2021,12/31/2020,09/30/2020,06/30/2020,03/31/2020,12/31/2019,09/30/2019,06/30/2019,03/31/2019,12/31/2018,09/30/2018,06/30/2018,03/31/2018,12/31/2017,09/30/2017,06/30/2017,03/31/2017,12/31/2016
OperatingCashFlow,"-233,258,000","-72,109,000","-65,494,000","-41,434,000","-54,221,000","-50,240,000","513,915,000","86,000","-43,357,000","-54,492,000","-47,643,000","-30,435,000","-43,175,000","-30,323,000","93,185,000","-34,822,000","-41,824,000","33,577,000","-18,336,000","-21,921,000","-17,569,000","-18,809,000","-18,366,000"
	CashFlowFromContinuingOperatingActivities,"-233,258,000","-72,109,000","-65,494,000","-41,434,000","-54,221,000","-50,240,000","513,915,000","86,000","-43,357,000","-54,492,000","-47,643,000","-30,435,000","-43,175,000","-30,323,000","93,185,000","-34,822,000","-41,824,000","33,577,000","-18,336,000","-21,921,000","-17,569,000","-18,809,000","-18,366,000"
		NetIncomeFromContinuingOperations,"-285,760,000","-65,220,000","-75,261,000","-84,588,000","-60,691,000","-70,041,000","244,885,000","-58,228,000","-58,758,000","-56,763,000","-54,025,000","-46,260,000","-58,337,000","-38,992,000","77,533,000","-35,371,000","-54,724,000","-23,678,000","-22,887,000","-21,844,000","-22,134,000","-21,320,000","-19,354,000"
		OperatingGainsLosses,,,,,,,,,,,,,,,"0","0","8,000","-44,000","0",,,,
			GainLossOnSaleOfPPE,,,,,,,,,,,,"0","0","0","0","0","8,000","-44,000","0",,,"0","3,000"
		DepreciationAmortizationDepletion,"8,564,000","2,079,000","2,094,000","2,187,000","2,204,000","2,108,000","2,121,000","2,156,000","2,145,000","2,109,000","2,055,000","1,890,000","1,643,000","2,403,000","2,379,000","2,327,000","1,855,000","854,000","807,000","778,000","766,000","731,000","686,000"
			DepreciationAndAmortization,"8,564,000","2,079,000","2,094,000","2,187,000","2,204,000","2,108,000","2,121,000","2,156,000","2,145,000","2,109,000","2,055,000","1,890,000","1,643,000","2,403,000","2,379,000","2,327,000","1,855,000","854,000","807,000","778,000","766,000","731,000","686,000"
				Depreciation,,,,,,,,,,,,,,,,,"1,855,000","854,000","807,000","778,000","766,000","731,000","686,000"
		AmortizationOfSecurities,"9,214,000","1,627,000","2,432,000","2,660,000","2,495,000","1,161,000","1,129,000","-49,000","-418,000","-607,000","-987,000","-1,298,000","-1,417,000","-1,317,000","-841,000","-772,000","-705,000","-387,000","-146,000","214,000","458,000","227,000","160,000"
		StockBasedCompensation,"90,364,000","26,145,000","22,085,000","20,998,000","21,136,000","21,028,000","13,830,000","13,252,000","12,484,000","10,785,000","8,889,000","8,901,000","13,714,000","6,874,000","5,646,000","5,510,000","4,710,000","2,925,000","1,457,000","1,128,000","1,059,000","765,000","691,000"
		OtherNonCashItems,"-3,074,000","-783,000","-783,000","-782,000","-726,000","-693,000","-671,000","-634,000","-1,285,000","268,000","940,000","-114,000",,,,,,,,,,,"0"
		ChangeInWorkingCapital,"-52,566,000","-35,957,000","-16,061,000","18,091,000","-18,639,000","-3,803,000","252,621,000","43,589,000","2,475,000","-10,284,000","-4,515,000","6,446,000","1,535,000","709,000","8,468,000","-6,516,000","7,032,000","53,907,000","2,433,000","-2,198,000","2,282,000","788,000","-552,000"
			ChangeInPrepaidAssets,"-17,924,000","1,242,000","-20,914,000","16,104,000","-14,356,000","6,301,000","-14,388,000","25,000","6,248,000","-2,454,000","863,000","3,108,000","-145,000","2,849,000","-12,911,000","-3,661,000","-105,000","-1,613,000","76,000","-1,269,000","-693,000","1,959,000","-1,302,000"
			ChangeInPayablesAndAccruedExpense,"11,560,000","-7,058,000","7,690,000","7,273,000","3,655,000","-10,181,000","15,456,000","7,986,000","1,160,000","-4,119,000","-809,000","3,926,000","2,044,000","-2,628,000","4,713,000","-1,817,000","9,899,000","-4,208,000","2,583,000","-775,000","3,638,000","-1,661,000","849,000"
				ChangeInPayable,"4,330,000","1,248,000","-78,000","782,000","2,378,000","623,000","-1,770,000","891,000","-452,000","-292,000","567,000","-837,000","-662,000","1,965,000","-1,761,000","-5,859,000","8,045,000","-951,000","-111,000","764,000","272,000","-718,000","-1,431,000"
					ChangeInAccountPayable,"4,330,000","1,248,000","-78,000","782,000","2,378,000","623,000","-1,770,000","891,000","-452,000","-292,000","567,000","-837,000","-662,000","1,965,000","-1,761,000","-5,859,000","8,045,000","-951,000","-111,000","764,000","272,000","-718,000","-1,431,000"
				ChangeInAccruedExpense,"7,230,000","-8,306,000","7,768,000","6,491,000","1,277,000","-10,804,000","17,226,000","7,095,000","1,612,000","-3,827,000","-1,376,000","4,763,000","2,706,000","-4,593,000","6,474,000","4,042,000","1,854,000","-3,257,000","2,694,000","-1,539,000","3,366,000","-943,000","2,280,000"
			ChangeInOtherCurrentLiabilities,"1,253,000",,,,,,,,,"-642,000",,,,,"379,000",,,"0","-226,000","-154,000","-585,000","412,000","-99,000"
			ChangeInOtherWorkingCapital,"-45,880,000","-30,141,000","-2,515,000","-5,286,000","-7,938,000","77,000","251,231,000","35,578,000","-5,575,000","-3,069,000","-5,822,000","-588,000","-364,000","488,000","16,287,000","-1,038,000","-2,762,000","59,728,000","-226,000","-154,000","-663,000","78,000","0"
InvestingCashFlow,"-114,099,000","-117,878,000","-40,750,000","-53,008,000","97,537,000","-25,405,000","-367,340,000","-212,122,000","-30,411,000","-13,333,000","42,385,000","49,493,000","63,881,000","-8,047,000","-61,403,000","44,727,000","30,528,000","-301,274,000","-95,149,000","16,526,000","22,074,000","15,383,000","-18,947,000"
	CashFlowFromContinuingInvestingActivities,"-114,099,000","-117,878,000","-40,750,000","-53,008,000","97,537,000","-25,405,000","-367,340,000","-212,122,000","-30,411,000","-13,333,000","42,385,000","49,493,000","63,881,000","-8,047,000","-61,403,000","44,727,000","30,528,000","-301,274,000","-95,149,000","16,526,000","22,074,000","15,383,000","-18,947,000"
		NetPPEPurchaseAndSale,"-9,741,000","-4,041,000","-3,053,000","-1,875,000","-772,000","-2,800,000","-1,195,000","-706,000","-315,000","-879,000","-2,773,000","-2,847,000","-10,271,000","-2,028,000","-1,437,000","-847,000","-572,000","-537,000","-1,071,000","-367,000","-569,000","-868,000","-2,313,000"
			PurchaseOfPPE,"-9,741,000","-4,041,000","-3,053,000","-1,875,000","-772,000","-2,800,000","-1,195,000","-706,000","-315,000","-879,000","-2,773,000","-2,847,000","-10,271,000","-2,028,000","-1,437,000","-847,000","-572,000","-537,000","-1,071,000","-367,000","-569,000","-868,000","-2,313,000"
		NetInvestmentPurchaseAndSale,"-104,358,000","-113,837,000","-37,697,000","-51,133,000","98,309,000","-22,605,000","-366,145,000","-211,416,000","-30,096,000","-12,454,000","45,158,000","52,340,000","74,152,000","-6,019,000","-59,966,000","45,574,000","31,100,000","-300,737,000","-94,078,000","16,893,000","22,643,000","16,251,000","-16,634,000"
			PurchaseOfInvestment,"-1,324,170,000","-364,337,000","-231,447,000","-344,195,000","-384,191,000","-463,105,000","-597,945,000","-363,916,000","-170,452,000","-153,155,000","-150,557,000","-75,110,000","-34,219,000","-109,810,000","-157,293,000","-38,951,000","-33,650,000","-328,036,000","-133,138,000","-18,495,000","-11,207,000","-16,949,000","-30,634,000"
			SaleOfInvestment,"1,219,812,000","250,500,000","193,750,000","293,062,000","482,500,000","440,500,000","231,800,000","152,500,000","140,356,000","140,701,000","195,715,000","127,450,000","108,371,000","103,791,000","97,327,000","84,525,000","64,750,000","27,299,000","39,060,000","35,388,000","33,850,000","33,200,000","14,000,000"
FinancingCashFlow,"16,989,000","1,463,000","5,168,000","3,315,000","7,043,000","3,822,000","9,522,000","425,899,000","3,415,000","195,913,000","2,034,000","679,000","2,569,000","908,000","1,690,000","658,000","1,432,000","93,239,000","295,591,000","357,000","51,000","324,000","-4,000"
	CashFlowFromContinuingFinancingActivities,"16,989,000","1,463,000","5,168,000","3,315,000","7,043,000","3,822,000","9,522,000","425,899,000","3,415,000","195,913,000","2,034,000","679,000","2,569,000","908,000","1,690,000","658,000","1,432,000","93,239,000","295,591,000","357,000","51,000","324,000","-4,000"
		NetCommonStockIssuance,,,"0","0","0","0","0","420,146,000","0","193,948,000","0","0","0","0","0","0","0","94,406,000",,,,"0",
			CommonStockIssuance,,,"0","0","0","0","0","420,146,000","0","193,948,000","0","0","0","0","0","0","0","94,406,000",,,,"0",
		NetPreferredStockIssuance,"0",,,,,,,,,,,,,,,,,,"29,971,000",,,,"-1,000"
			PreferredStockIssuance,"0",,,,,,,,,,,,,,,,,,"29,971,000",,,,"-1,000"
		ProceedsFromStockOptionExercised,"16,989,000","1,463,000","5,168,000","3,315,000","7,043,000","3,822,000","9,522,000","5,753,000","3,415,000","1,965,000","2,034,000","679,000","2,569,000","908,000","1,690,000","658,000","1,432,000","219,000","1,000","357,000","51,000","324,000","-3,000"
		NetOtherFinancingCharges,,,,,,,,,,,,,,,"0","0","0","-1,386,000",,,,,
EndCashPosition,"106,453,000","106,453,000","294,977,000","396,053,000","487,180,000","436,821,000","508,644,000","352,547,000","138,684,000","209,037,000","80,949,000","84,173,000","64,436,000","41,161,000","78,623,000","45,151,000","34,588,000","44,452,000","218,375,000","36,269,000","41,842,000","37,286,000","39,853,000"
	ChangesInCash,"-330,368,000","-188,524,000","-101,076,000","-91,127,000","50,359,000","-71,823,000","156,097,000","213,863,000","-70,353,000","128,088,000","-3,224,000","19,737,000","23,275,000","-37,462,000","33,472,000","10,563,000","-9,864,000","-174,458,000","182,106,000","-5,038,000","4,556,000","-3,102,000","-37,317,000"
	BeginningCashPosition,"436,821,000","294,977,000","396,053,000","487,180,000","436,821,000","508,644,000","352,547,000","138,684,000","209,037,000","80,949,000","84,173,000","64,436,000","41,161,000","78,623,000","45,151,000","34,588,000","44,452,000","218,910,000","36,269,000","41,842,000","37,286,000","40,388,000","77,170,000"
CapitalExpenditure,"-9,741,000","-4,041,000","-3,053,000","-1,875,000","-772,000","-2,800,000","-1,195,000","-706,000","-315,000","-879,000","-2,773,000","-2,847,000","-10,271,000","-2,028,000","-1,437,000","-847,000","-572,000","-537,000","-1,071,000","-367,000","-569,000","-868,000","-2,313,000"
IssuanceOfCapitalStock,,,"0","0","0","0","0","420,146,000","0","193,948,000","0","0","0","0","0","0","0","94,406,000","295,590,000",,,"0","-1,000"
FreeCashFlow,"-242,999,000","-76,150,000","-68,547,000","-43,309,000","-54,993,000","-53,040,000","512,720,000","-620,000","-43,672,000","-55,371,000","-50,416,000","-33,282,000","-53,446,000","-32,351,000","91,748,000","-35,669,000","-42,396,000","33,040,000","-19,407,000","-22,288,000","-18,138,000","-19,677,000","-20,679,000"