name,03/31/2022,12/31/2021,09/30/2021,06/30/2021,03/31/2021,12/31/2020,09/30/2020,06/30/2020,03/31/2020,12/31/2019,09/30/2019,06/30/2019,03/31/2019,12/31/2018,09/30/2018,06/30/2018,03/31/2018,12/31/2017,09/30/2017,06/30/2017,03/31/2017,12/31/2016,09/30/2016,06/30/2016,03/31/2016,12/31/2015,09/30/2015,06/30/2015,03/31/2015,12/31/2014,09/30/2014,06/30/2014,03/31/2014,12/31/2013,09/30/2013,06/30/2013,03/31/2013,12/31/2012,09/30/2012,06/30/2012,03/31/2012,12/31/2011,09/30/2011,06/30/2011,03/31/2011,12/31/2010,09/30/2010,06/30/2010,03/31/2010,12/31/2009,09/30/2009,06/30/2009,03/31/2009,12/31/2008,09/30/2008,06/30/2008,03/31/2008,12/31/2007,09/30/2007,06/30/2007,03/31/2007,12/31/2006,09/30/2006,06/30/2006,03/31/2006,12/31/2005,09/30/2005,06/30/2005,03/31/2005,12/31/2004,09/30/2004,06/30/2004,03/31/2004,12/31/2003,09/30/2003,06/30/2003,03/31/2003,12/31/2002,09/30/2002,06/30/2002,03/31/2002,12/31/2001,09/30/2001,06/30/2001,03/31/2001,12/31/2000,09/30/2000,06/30/2000,03/31/2000,12/31/1999,09/30/1999,06/30/1999,03/31/1999,12/31/1998,09/30/1998,06/30/1998,03/31/1998,12/31/1997,09/30/1997,06/30/1997,03/31/1997,12/31/1996,09/30/1996,06/30/1996,03/31/1996,12/31/1995,09/30/1995,06/30/1995,03/31/1995,12/31/1994,09/30/1994,06/30/1994,03/31/1994,12/31/1993,09/30/1993,06/30/1993,03/31/1993,12/31/1992,09/30/1992,06/30/1992,03/31/1992,12/31/1991,09/30/1991,06/30/1991,03/31/1991,12/31/1990,09/30/1990,06/30/1990,03/31/1990,12/31/1989,09/30/1989,06/30/1989,06/30/1988,06/30/1987,06/30/1986
TotalAssets,"2,458,800,000","2,457,300,000","2,339,400,000","2,274,900,000","2,309,000,000","2,357,700,000","2,335,300,000","2,356,000,000","2,585,400,000","2,503,700,000","2,491,000,000","1,258,300,000","1,264,100,000","1,294,800,000","1,244,000,000","1,347,340,000","1,336,879,000","1,400,545,000","1,368,625,000","1,413,700,000","1,403,078,000","1,498,105,000","1,458,526,000","1,472,716,000","1,489,188,000","1,579,884,000","1,549,331,000","1,435,873,000","1,437,319,000","1,549,831,000","1,476,211,000","1,490,604,000","1,450,078,000","1,489,568,000","1,433,182,000","1,452,603,000","1,445,862,000","1,501,206,000","1,431,856,000","1,436,072,000","1,438,166,000","1,488,210,000","1,437,294,000","1,484,568,000","1,507,396,000","1,612,337,000","1,684,225,000","1,852,104,000","1,840,162,000","1,860,367,000","1,921,430,000","1,948,947,000","2,002,803,000","2,099,651,000","2,162,000,000","2,193,122,000","2,230,903,000","2,317,642,000","2,313,783,000","2,318,021,000","2,362,511,000","2,334,532,000","2,243,047,000","2,221,779,000","2,174,438,000","2,264,845,000","2,178,162,000","2,156,124,000","2,123,616,000","2,133,179,000","2,026,549,000","2,211,791,000","2,032,263,000","2,024,411,000","1,943,550,000","1,943,290,000","1,889,852,000","1,862,332,000","1,816,821,000","1,783,336,000","1,764,938,000","1,638,720,000","1,474,276,000","1,442,301,000","1,313,232,000","1,266,358,000","1,181,440,000","1,162,328,000","1,149,209,000","1,147,000,000","1,111,300,000","1,085,600,000","1,077,000,000","1,057,400,000","1,046,900,000","989,400,000","947,300,000","929,100,000","994,100,000","996,900,000","991,900,000","980,400,000","921,000,000","888,800,000","851,100,000","796,700,000","823,700,000","732,800,000","641,600,000","604,200,000","588,100,000","558,700,000","512,600,000","484,600,000","461,600,000","435,300,000","409,600,000","384,800,000","351,900,000","337,300,000","317,000,000","289,200,000","277,000,000","266,300,000","250,700,000","211,100,000","203,000,000","197,700,000","180,600,000","173,500,000","165,800,000","153,700,000","127,300,000","111,300,000","63,100,000"
	CurrentAssets,"188,000,000","220,600,000","217,300,000","207,200,000","252,400,000","265,800,000","239,600,000","224,400,000","315,300,000","224,300,000","173,700,000","177,000,000","168,600,000","196,000,000","151,000,000","156,284,000","144,019,000","194,474,000","140,876,000","154,392,000","148,196,000","224,268,000","174,453,000","176,774,000","196,724,000","253,938,000","192,197,000","189,717,000","190,046,000","285,453,000","201,107,000","210,854,000","195,156,000","247,141,000","189,675,000","198,591,000","214,897,000","262,604,000","190,639,000","194,846,000","202,357,000","252,742,000","185,752,000","221,360,000","243,203,000","325,557,000","357,339,000","501,067,000","496,973,000","325,075,000","370,514,000","369,215,000","318,313,000","385,307,000","445,348,000","454,721,000","528,304,000","595,335,000","642,502,000","364,181,000","384,530,000","281,583,000","234,588,000","242,310,000","234,871,000","350,289,000","313,461,000","240,179,000","243,436,000","323,916,000","231,842,000","400,920,000","250,451,000","208,575,000","148,233,000","166,467,000","136,176,000","150,851,000","130,295,000","141,954,000","145,496,000","175,168,000","133,548,000","137,205,000","118,495,000","131,685,000","104,925,000","103,623,000","99,686,000","111,900,000","103,400,000","103,200,000","101,100,000","101,600,000","127,000,000","105,500,000","94,500,000","103,700,000","99,600,000","112,400,000","127,700,000","89,400,000","82,600,000","88,400,000","83,000,000","98,000,000","66,300,000","94,000,000","50,400,000","52,100,000","49,300,000","47,200,000","34,900,000","32,400,000","31,500,000","30,900,000","31,500,000","33,900,000","23,700,000","30,900,000","35,800,000","27,600,000","34,800,000","42,300,000","48,300,000","19,200,000","19,000,000","23,200,000","14,900,000","18,300,000","18,800,000","23,000,000","23,100,000","39,300,000","12,200,000"
		CashCashEquivalentsAndShortTermInvestments,"12,900,000","15,600,000","31,200,000","23,900,000","63,600,000","64,100,000","58,800,000","43,900,000","167,200,000","12,000,000","29,000,000","13,400,000","12,200,000","16,200,000","11,000,000","10,872,000","13,400,000","14,733,000","8,954,000","9,064,000","9,043,000","34,058,000","34,155,000","31,446,000","68,985,000","71,288,000","66,027,000","55,121,000","63,543,000","78,409,000","63,691,000","57,685,000","64,609,000","62,655,000","55,604,000","59,367,000","85,692,000","93,105,000","64,310,000","59,103,000","72,748,000","75,610,000","64,108,000","81,988,000","106,949,000","114,465,000","215,069,000","344,624,000","181,926,000","110,311,000","133,834,000","94,156,000","66,727,000","73,275,000","57,322,000","54,714,000","89,779,000","82,175,000","78,943,000","85,237,000","74,409,000","66,632,000","59,651,000","55,615,000","53,941,000","59,896,000","43,997,000","42,253,000","48,577,000","120,110,000","50,718,000","226,762,000","94,731,000","43,195,000","14,563,000","33,492,000","9,195,000","20,123,000","10,992,000","10,091,000","23,127,000","40,757,000","13,921,000","13,312,000","15,081,000","35,669,000","12,314,000","12,343,000","9,987,000","21,300,000","17,700,000","12,600,000","16,700,000","22,600,000","56,300,000","31,100,000","28,200,000","24,700,000","13,600,000","23,200,000","11,200,000","19,600,000","19,900,000","27,100,000","27,300,000","44,500,000","16,500,000","38,800,000","1,100,000","1,100,000","1,100,000","3,600,000","2,900,000","4,400,000","5,000,000","5,500,000","6,900,000","4,900,000","2,200,000","10,100,000","16,900,000","8,800,000","17,700,000","6,500,000","9,000,000","2,200,000","2,900,000","7,100,000","1,300,000","2,600,000","3,700,000","4,100,000","7,300,000","27,100,000","2,600,000"
			CashAndCashEquivalents,"12,900,000","15,600,000","31,200,000","23,900,000","63,600,000","64,100,000","58,800,000","43,900,000","167,200,000","12,000,000","29,000,000","13,400,000","12,200,000","16,200,000","11,000,000","10,872,000","13,400,000","14,733,000","8,954,000","9,064,000","9,043,000","34,058,000","34,155,000","31,446,000","68,985,000","71,288,000","66,027,000","55,121,000","63,543,000","78,409,000","63,691,000","57,685,000","64,609,000","62,655,000","55,604,000","59,367,000","85,692,000","93,105,000","64,310,000","59,103,000","72,748,000","75,610,000","64,108,000","81,988,000","106,949,000","114,465,000","215,069,000","344,624,000","181,926,000","110,311,000","133,834,000","94,156,000","66,727,000","73,275,000","57,322,000","54,714,000","89,779,000","82,175,000","78,943,000","85,237,000","74,409,000","66,632,000","59,651,000","55,615,000","53,941,000","59,896,000","43,997,000","42,253,000","48,577,000","120,110,000","50,718,000","226,762,000","94,731,000","43,195,000","14,563,000","33,492,000","9,195,000","20,123,000","10,992,000","10,091,000","23,127,000","40,757,000","13,921,000","13,312,000","15,081,000","35,669,000","12,314,000","12,343,000","9,987,000","21,300,000","17,700,000","12,600,000","16,700,000","22,600,000","56,300,000","31,100,000","28,200,000","24,700,000","13,600,000","23,200,000","11,200,000","19,600,000","19,900,000","27,100,000","27,300,000","44,500,000","16,500,000","38,800,000","1,100,000","1,100,000","1,100,000","3,600,000","2,900,000","4,400,000","5,000,000","5,500,000","6,900,000","4,900,000","2,200,000","10,100,000","16,900,000","8,800,000","17,700,000","6,500,000","9,000,000","2,200,000","2,900,000","7,100,000","1,300,000","2,600,000","3,700,000","4,100,000","7,300,000","27,100,000","2,600,000"
			OtherShortTermInvestments,,,,,,,,,,,,,,,,,,,,,,,,,,,,,,,,,,,,,,,,,,,,,,,,,"162,020,000",,,,,,,,,,,,,,,,,,,,,,,,,,,,,,,,,,,,,,,,,,,,,,,,,,,,,,,,,,,,,,,,,,,,,,,,,,,,,,,,,,,,,,
		Receivables,"65,600,000","98,800,000","85,100,000","88,200,000","98,100,000","111,200,000","89,900,000","87,700,000","58,000,000","112,600,000","49,700,000","69,600,000","62,100,000","85,900,000","42,700,000","53,659,000","44,336,000","90,974,000","41,973,000","44,658,000","38,326,000","90,495,000","39,035,000","43,944,000","41,394,000","87,706,000","36,744,000","46,588,000","43,083,000","100,501,000","38,452,000","47,850,000","43,476,000","87,277,000","38,590,000","42,772,000","38,471,000","80,486,000","41,087,000","44,442,000","39,740,000","87,644,000","33,351,000","42,785,000","36,724,000","104,536,000","41,861,000","45,140,000","53,731,000","97,527,000","75,558,000","91,129,000","73,692,000","130,948,000","43,941,000","52,304,000","67,598,000","90,490,000","41,996,000","49,851,000","44,766,000","76,763,000","45,445,000","52,540,000","50,252,000","69,974,000","45,458,000","45,155,000","37,613,000","56,580,000","45,884,000","37,934,000","31,708,000","46,138,000","31,145,000","34,619,000","30,089,000","34,726,000","27,557,000","38,286,000","23,205,000","33,328,000","29,031,000","31,438,000","29,410,000","26,147,000","23,534,000","20,378,000","18,418,000","19,900,000","18,500,000","21,400,000","19,100,000","19,000,000","13,200,000","18,800,000","15,300,000","21,400,000","23,200,000","15,300,000","18,900,000","19,500,000","14,900,000","14,100,000","16,900,000","14,400,000","9,600,000","18,000,000","14,300,000","18,000,000","17,000,000","12,600,000","10,800,000","7,500,000","6,200,000","5,800,000","6,700,000","12,700,000","6,100,000","5,100,000","4,600,000","4,800,000","4,600,000","5,400,000","5,100,000","5,600,000","5,100,000","4,200,000","2,900,000","5,400,000","4,700,000","4,800,000","5,000,000","4,000,000","2,400,000"
			AccountsReceivable,"60,000,000","91,800,000","59,500,000","65,200,000","66,600,000","79,000,000","56,800,000","52,300,000","44,000,000","103,500,000","48,300,000","55,000,000","55,900,000","81,500,000","42,700,000","53,659,000","44,336,000","90,777,000","38,552,000","44,658,000","38,326,000","90,495,000","39,035,000","43,944,000","40,759,000","87,706,000","36,744,000","46,588,000","43,083,000","100,501,000","38,452,000","47,850,000","43,476,000","87,277,000","29,518,000","37,842,000","38,471,000","80,486,000","34,742,000","43,387,000","39,740,000","87,644,000","33,351,000","42,785,000","36,724,000","90,475,000","32,273,000","45,140,000","42,742,000","93,149,000","36,386,000","49,509,000","43,687,000","98,671,000","43,941,000","52,304,000","41,894,000","90,490,000","41,996,000","49,851,000","44,766,000","76,763,000","45,445,000","52,540,000","50,252,000","69,974,000","45,458,000","45,155,000","37,613,000","56,580,000","45,884,000","37,934,000","31,708,000","46,138,000","31,145,000","34,619,000","30,089,000","34,726,000","27,557,000","22,613,000","23,205,000","33,328,000","29,031,000","31,438,000","29,410,000",,,,,,,,,,,,,,,,,,,,,,,,,,,,,,,,,,,,,,,,,,,,,,,,,,
			TaxesReceivable,"5,600,000","7,000,000","25,600,000","23,000,000","31,500,000","32,200,000","33,100,000","35,400,000","14,000,000","9,100,000","1,400,000","14,600,000","6,200,000","4,400,000",,,,"197,000","3,421,000",,,,,,"635,000",,,,,,,"0","0","0","9,072,000","4,930,000","0","0","6,345,000","1,055,000",,,,,,"14,061,000","9,588,000","0","10,989,000","4,378,000","39,172,000","41,620,000","30,005,000","32,277,000",,,,,,,,,,,,,,,,,,,,,,,,,,,,,,,,,,,,,,,,,,,,,,,,,,,,,,,,,,,,,,,,,,,,,,,,,,,,,,,,,
			OtherReceivables,,,,,,,,,,,,,,,,,,,,,,,,,,,,,,,,,,,,,,,,,,,,,,,,,,,,,,,,,"25,704,000",,,,,,,,,,,,,,,,,,,,,,,"15,673,000",,,,,,,,,,,,,,,,,,,,,,,,,,,,,,,,,,,,,,,,,,,,,,,,,,,,,,,
		Inventory,"89,100,000","87,700,000","82,900,000","81,500,000","79,100,000","78,700,000","77,500,000","78,900,000","77,500,000","77,900,000","77,400,000","70,300,000","70,900,000","70,800,000","70,200,000","70,966,000","71,092,000","71,659,000","70,718,000","71,377,000","72,645,000","71,756,000","70,273,000","70,559,000","69,225,000","70,336,000","25,164,000","23,035,000","24,125,000","25,158,000","24,161,000","23,643,000","24,346,000","24,443,000","24,097,000","24,628,000","24,548,000","26,337,000","25,616,000","25,360,000","26,696,000","27,355,000","26,142,000","25,365,000","26,005,000","27,488,000","26,674,000","26,735,000","27,619,000","32,278,000","33,775,000","36,709,000","44,736,000","41,496,000","32,505,000","35,534,000","34,732,000","28,941,000","26,701,000","33,514,000","37,027,000","37,515,000","38,239,000","40,330,000","42,055,000","38,330,000","38,416,000","49,503,000","47,686,000","43,538,000","42,556,000","38,113,000","24,045,000","24,036,000","24,260,000","24,403,000","24,352,000","25,798,000","24,037,000","25,190,000","25,297,000","27,070,000","26,130,000","27,351,000","19,577,000","16,712,000","16,710,000","16,448,000","15,440,000","16,700,000","15,100,000","15,000,000","15,000,000","15,300,000","15,100,000","13,800,000","14,100,000","14,300,000","13,000,000","13,000,000","12,000,000","11,600,000","11,200,000","10,800,000","10,500,000","10,900,000","11,200,000","10,300,000","9,600,000","9,400,000","8,700,000","8,200,000","7,400,000","7,500,000","7,300,000","6,500,000","6,200,000","6,100,000","5,300,000","5,300,000","4,900,000","4,700,000","4,500,000","4,200,000","4,100,000","4,000,000","3,500,000","3,500,000","3,200,000","3,300,000","4,100,000","4,400,000","3,000,000","2,700,000","1,000,000"
			RawMaterials,"55,500,000","55,000,000","53,400,000","52,600,000","52,000,000","51,900,000","51,600,000","51,600,000","51,200,000","51,700,000","51,800,000","47,100,000","46,900,000","46,800,000","46,800,000","46,724,000","46,685,000","46,829,000","46,516,000","46,380,000","46,328,000","45,972,000","45,295,000","45,455,000","44,873,000","44,468,000",,,,,,,,,,,,,,,,,,,,,,,,,,,,,,,,,,,,,,,,,,,,,,,,,,,,,,,,,,,,,,,,,,,,,,,,,,,,,,,,,,,,,,,,,,,,,,,,,,,,,,,,,,,,,
			OtherInventories,"33,600,000","32,700,000","29,500,000","28,900,000","27,100,000","26,800,000","25,900,000","27,300,000","26,300,000","26,200,000","25,600,000","23,200,000","24,000,000","24,000,000","23,400,000","24,242,000","24,407,000","24,830,000","24,202,000","24,997,000","26,317,000","25,784,000","24,978,000","25,104,000","24,352,000","25,868,000","25,164,000","23,035,000","24,125,000","25,158,000","24,161,000","23,643,000","24,346,000","24,443,000","24,097,000","24,628,000","24,548,000","26,337,000","25,616,000","25,360,000",,,,,,,,,,,,,,,,,,,,,,,,,,,,,,,,,,,,,,,,,,,,,,,,,,,,,,,,,,,,,,,,,,,,,,,,,,,,,,,,,,,,,,,,,,,,,,,
		PrepaidAssets,"20,400,000","18,500,000","18,100,000","13,600,000","11,600,000","11,800,000","13,400,000","13,900,000","12,600,000","21,800,000","17,600,000","23,700,000","23,400,000","23,100,000","27,100,000","20,787,000","15,191,000","17,108,000","19,231,000","29,293,000","28,182,000","27,959,000","30,990,000","30,825,000","17,120,000","23,611,000","64,262,000","62,480,000","58,431,000","64,103,000","61,963,000","65,506,000","62,725,000","72,766,000","71,384,000","71,824,000","64,381,000","62,676,000","59,626,000","63,023,000","56,268,000","56,852,000","55,268,000","59,698,000","60,556,000","64,214,000","59,793,000","63,961,000","51,659,000","58,337,000","86,155,000","96,436,000","104,523,000","106,487,000","103,362,000","106,472,000","67,446,000","66,698,000","68,004,000","86,137,000","80,297,000","81,083,000","79,665,000","85,187,000","79,371,000","76,407,000","73,448,000","81,312,000","77,833,000","76,733,000","73,092,000","74,764,000","86,052,000","95,206,000","78,265,000","73,953,000","69,476,000","68,495,000","66,960,000","66,727,000","61,752,000","61,201,000","58,014,000","55,809,000","51,564,000",,,,,,,,,,,,,,,,,,,,,,,,,,,,,,,,,,,,,,,,,,,,,,,,,,
		CurrentDeferredAssets,,,,,,,,,,,,,,,,,,,,,,,,,,"997,000","0","2,493,000","864,000","17,282,000","12,840,000","16,170,000",,,,"0","1,805,000","0","0","2,918,000","6,905,000","5,281,000","6,883,000","11,524,000","12,969,000","14,854,000","13,942,000","20,607,000","20,018,000","26,622,000","41,192,000","50,785,000","28,635,000","33,101,000","69,962,000","71,595,000","50,338,000","23,977,000","19,686,000","16,100,000","14,343,000","19,590,000","11,588,000","8,638,000","9,252,000","24,807,000","29,327,000","21,956,000","31,727,000","26,955,000","19,592,000","23,347,000","13,915,000",,,,"3,064,000","1,709,000","749,000","1,660,000","12,115,000","12,812,000","6,452,000","7,295,000","863,000",,,,,,,,,,,,,,,,,,,,,,,,,,,,,,,,,,,,,,,,,,,,,,,,,,
			CurrentDeferredTaxesAssets,,,,,,,,,,,,,,,,,,,,,,,,,,"997,000","0","2,493,000","864,000","17,282,000","12,840,000","16,170,000",,,,"0","1,805,000","0","0","2,918,000","6,905,000","5,281,000","6,883,000","11,524,000","12,969,000","14,854,000","13,942,000","20,607,000","20,018,000","26,622,000","41,192,000","50,785,000","28,635,000","33,101,000","69,962,000","71,595,000","50,338,000","23,977,000","19,686,000","16,100,000","14,343,000","19,590,000","11,588,000","8,638,000","9,252,000","24,807,000","29,327,000","21,956,000","31,727,000","26,955,000","19,592,000","23,347,000","13,915,000",,,,"3,064,000","1,709,000","749,000","1,660,000","12,115,000","12,812,000","6,452,000","7,295,000","863,000",,,,,,,,,,,,,,,,,,,,,,,,,,,,,,,,,,,,,,,,,,,,,,,,,,
		OtherCurrentAssets,,,,,,,,,,,,,,,,,,,,,,,,,,,,,,,,,,,,,,,,,,,,,,,,,"162,020,000",,,,,,"138,256,000","134,102,000","218,411,000","303,054,000","407,172,000","93,342,000","133,688,000",,,,,"80,875,000","82,815,000",,,,,,,,,,,,,,,,,"2,000,000","2,000,000","53,157,000","52,367,000","54,454,000","55,841,000","54,000,000","52,100,000","54,200,000","50,300,000","44,700,000","42,400,000","41,800,000","36,900,000","43,300,000","49,800,000","60,900,000","85,600,000","38,700,000","36,600,000","36,400,000","28,300,000","28,200,000","29,000,000","26,900,000","25,400,000","23,600,000","22,500,000","22,800,000","13,800,000","13,000,000","13,000,000","13,100,000","11,700,000","10,200,000","10,100,000","10,400,000","9,400,000","9,300,000","8,000,000","26,200,000","30,100,000","7,400,000","7,500,000","8,400,000","7,500,000","7,000,000","6,300,000","9,700,000","7,800,000","5,500,000","6,200,000"
	TotalNonCurrentAssets,"2,270,800,000","2,236,700,000","2,122,100,000","2,067,700,000","2,056,600,000","2,091,900,000","2,095,700,000","2,131,600,000","2,270,100,000","2,279,400,000","2,317,300,000","1,081,300,000","1,095,500,000","1,098,800,000","1,093,000,000","1,191,056,000","1,192,860,000","1,206,071,000","1,227,749,000","1,259,308,000","1,254,882,000","1,273,837,000","1,284,073,000","1,295,942,000","1,292,464,000","1,325,946,000","1,357,134,000","1,246,156,000","1,247,273,000","1,264,378,000","1,275,104,000","1,279,750,000","1,254,922,000","1,242,427,000","1,243,507,000","1,254,012,000","1,230,965,000","1,238,602,000","1,241,217,000","1,241,226,000","1,235,809,000","1,235,468,000","1,251,542,000","1,263,208,000","1,264,193,000","1,286,780,000","1,326,886,000","1,351,037,000","1,343,189,000","1,535,292,000","1,550,916,000","1,579,732,000","1,684,490,000","1,714,344,000","1,716,652,000","1,738,401,000","1,702,599,000","1,722,307,000","1,671,281,000","1,953,840,000","1,977,981,000","2,052,949,000","2,008,459,000","1,979,469,000","1,939,567,000","1,914,556,000","1,864,701,000","1,915,945,000","1,880,180,000","1,809,263,000","1,794,707,000","1,810,871,000","1,781,812,000","1,815,836,000","1,795,317,000","1,776,823,000","1,753,676,000","1,711,481,000","1,686,526,000","1,641,382,000","1,619,442,000","1,463,552,000","1,340,728,000","1,305,096,000","1,194,737,000","1,134,673,000","1,076,515,000","1,058,705,000","1,049,523,000","1,035,100,000","1,007,900,000","982,400,000","975,900,000","955,800,000","919,900,000","883,900,000","852,800,000","825,400,000","894,500,000","884,500,000","864,200,000","891,000,000","838,400,000","800,400,000","768,100,000","698,700,000","757,400,000","638,800,000","591,200,000","552,100,000","538,800,000","511,500,000","477,700,000","452,200,000","430,100,000","404,400,000","378,100,000","350,900,000","328,200,000","306,400,000","281,200,000","261,600,000","242,200,000","224,000,000","202,400,000","191,900,000","184,000,000","174,500,000","165,700,000","155,200,000","147,000,000","130,700,000","104,200,000","72,000,000","50,900,000"
		NetPPE,"1,971,300,000","1,935,500,000","1,840,400,000","1,782,200,000","1,777,400,000","1,805,100,000","1,823,300,000","1,859,900,000","1,992,000,000","1,998,900,000","2,032,300,000","755,100,000","758,600,000","769,300,000","762,200,000","938,929,000","943,865,000","958,084,000","974,825,000","1,000,614,000","997,053,000","1,018,221,000","1,028,108,000","1,043,152,000","1,053,024,000","1,071,232,000","1,085,041,000","1,032,044,000","1,037,425,000","1,045,447,000","1,050,476,000","1,056,454,000","1,037,409,000","1,026,402,000","1,028,079,000","1,035,815,000","1,029,921,000","1,037,976,000","1,043,953,000","1,043,564,000","1,037,443,000","1,038,698,000","1,049,425,000","1,056,279,000","1,067,642,000","1,084,768,000","1,104,478,000","1,129,077,000","1,137,538,000","1,309,167,000","1,370,233,000","1,400,352,000","1,442,299,000","1,465,972,000","1,510,268,000","1,531,016,000","1,516,264,000","1,522,362,000","1,482,133,000","1,770,575,000","1,786,670,000","1,855,722,000","1,815,537,000","1,792,724,000","1,749,566,000","1,721,665,000","1,668,832,000","1,708,165,000","1,677,823,000","1,604,397,000","1,585,204,000","1,566,846,000","1,528,816,000","1,537,533,000","1,523,505,000","1,499,572,000","1,473,644,000","1,432,054,000","1,396,945,000","1,355,417,000","1,328,197,000","1,174,587,000","1,108,176,000","1,084,724,000","991,733,000","957,545,000","906,894,000","888,132,000","884,037,000","867,800,000","839,400,000","813,400,000","787,000,000","762,000,000","737,600,000","708,600,000","685,900,000","671,700,000","757,300,000","749,600,000","729,000,000","696,900,000","643,400,000","611,200,000","594,600,000","557,900,000","618,700,000","568,100,000","525,300,000","487,700,000","459,200,000","434,200,000","403,100,000","383,900,000","371,400,000","350,400,000","323,200,000","300,700,000","274,300,000","260,200,000","234,300,000","217,100,000","202,000,000","189,000,000","175,700,000","165,300,000","156,300,000","146,400,000","138,100,000","128,100,000","120,400,000","103,000,000","79,300,000","62,900,000","44,700,000"
			GrossPPE,"3,636,800,000","3,682,100,000","3,555,500,000","3,468,700,000","3,434,900,000","3,433,100,000","3,426,800,000","3,433,300,000","3,580,000,000","3,554,500,000","3,568,200,000","2,264,700,000","2,254,200,000","2,277,200,000","2,256,500,000","2,571,465,000","2,553,587,000","2,538,112,000","2,531,598,000","2,539,320,000","2,503,718,000","2,490,614,000","2,481,458,000","2,461,987,000","2,442,937,000","2,432,247,000","2,414,387,000","2,327,805,000","2,309,375,000","2,289,158,000","2,274,986,000","2,259,266,000","2,228,673,000","2,194,788,000","2,195,880,000","2,183,710,000","2,157,729,000","2,144,819,000","2,141,270,000","2,119,802,000","2,092,872,000","2,076,210,000","2,074,879,000","2,090,149,000","2,079,301,000","2,072,820,000","2,069,745,000","2,099,349,000","2,089,645,000","2,367,350,000","2,420,020,000","2,442,413,000","2,459,331,000","2,445,535,000","2,457,130,000","2,476,166,000","2,415,649,000","2,405,393,000","2,333,753,000","2,815,199,000","2,851,687,000","2,941,079,000","2,866,887,000","2,835,832,000","2,758,138,000","2,694,219,000","2,604,148,000","2,672,057,000","2,614,821,000","2,492,686,000","2,435,204,000","2,377,681,000","2,300,915,000","2,284,263,000","2,241,712,000","2,175,486,000","2,118,301,000","2,075,842,000","2,099,641,000","2,037,852,000","1,976,046,000","1,791,685,000","1,697,628,000","1,648,044,000","1,538,176,000","1,482,647,000","1,411,264,000","1,371,076,000","1,347,927,000","1,311,700,000","1,262,800,000","1,217,300,000","1,175,100,000","1,133,300,000","1,092,800,000","1,046,400,000","1,011,200,000","981,900,000","1,062,500,000","1,043,100,000","1,012,600,000","965,600,000","899,000,000","853,200,000","833,000,000","787,800,000","833,500,000","770,600,000","717,300,000","671,400,000","631,700,000","595,100,000","542,900,000","513,700,000","493,200,000","463,300,000","428,600,000","398,700,000","365,600,000","344,800,000","316,800,000","294,200,000","274,100,000","257,000,000","240,200,000","225,700,000","212,600,000","198,700,000","187,400,000","174,000,000","163,000,000","142,500,000","108,600,000","81,700,000","54,900,000"
				Properties,"0","0","0","0","0","0","0","0","0","0","0","0","0","0","0","0","0","0","0","0","0","0","0","0","0","0","0","0","0","0","0","0","0","0","0","0","0","0","0","0","0","0","0","0","0","0","0","0","0","0","0","0","0","0","0","0","0","0","0","0","0","0","0","0","0","0","0","0","0","0","0","0","0","0","0","0","0","0","0","0","0","0","0","0","0",,,,,,,,,,,,,,,,,,,,,,,,,,,,,,,,,,,,,,,,,,,,,,,,,,
				LandAndImprovements,"43,400,000","43,400,000","38,300,000","33,100,000","33,100,000","33,100,000","34,200,000","34,200,000","34,000,000","34,900,000","34,900,000","33,400,000","37,400,000","47,200,000","50,400,000","153,953,000","149,150,000","149,110,000","149,098,000","149,098,000","149,098,000","149,098,000","149,094,000","147,626,000","147,576,000","147,576,000","147,763,000","147,763,000","148,053,000","148,054,000","148,053,000","149,184,000","148,801,000","148,788,000","148,895,000","147,581,000","149,310,000","150,220,000","151,919,000","152,382,000","153,825,000","154,012,000","155,798,000","156,731,000","157,032,000","158,362,000","160,078,000","163,018,000","168,156,000","199,992,000","203,770,000","205,483,000","206,389,000","207,366,000","197,826,000","198,554,000","202,842,000","202,182,000","193,478,000","255,037,000","272,703,000","279,975,000","279,215,000","279,369,000","281,767,000","280,784,000","279,532,000","284,885,000","278,490,000","279,524,000","286,635,000","283,777,000","280,431,000","275,801,000","278,135,000","269,212,000","267,952,000","263,261,000","260,721,000","254,000,000","247,000,000","209,381,000","204,612,000","201,013,000","193,829,000",,,,,,,,,,,,,,,,,,,,,,,,,,,,,,,,,,,,,,,,,,,,,,,,,,
				BuildingsAndImprovements,"1,621,800,000","1,664,400,000","1,623,600,000","1,595,200,000","1,556,800,000","1,550,900,000","1,544,700,000","1,534,400,000","1,551,900,000","1,540,100,000","1,539,500,000","1,454,600,000","1,460,000,000","1,465,900,000","1,463,900,000","1,673,310,000","1,673,950,000","1,665,451,000","1,660,650,000","1,655,227,000","1,654,067,000","1,649,258,000","1,639,356,000","1,626,924,000","1,620,592,000","1,622,146,000","1,609,074,000","1,546,957,000","1,536,292,000","1,522,354,000","1,503,590,000","1,483,894,000","1,470,583,000","1,460,001,000","1,447,509,000","1,435,426,000","1,421,291,000","1,407,614,000","1,408,451,000","1,399,905,000","1,393,946,000","1,388,902,000","1,386,582,000","1,383,311,000","1,380,576,000","1,377,552,000","1,379,535,000","1,367,646,000","1,370,582,000","1,549,207,000","1,584,892,000","1,577,694,000","1,586,857,000","1,578,269,000","1,597,882,000","1,573,305,000","1,524,098,000","1,488,326,000","1,449,250,000","1,732,209,000","1,752,822,000","1,813,664,000","1,767,065,000","1,715,917,000","1,673,014,000","1,619,396,000","1,556,920,000","1,570,787,000","1,538,603,000","1,433,244,000","1,386,668,000","1,354,671,000","1,320,707,000","1,310,450,000","1,297,287,000","1,245,546,000","1,217,973,000","1,178,805,000","1,123,954,000","1,091,434,000","1,044,495,000","987,350,000","931,900,000","898,133,000","818,438,000",,,,,,,,,,,,,,,,,,,,,,,,,,,,,,,,,,,,,,,,,,,,,,,,,,
				MachineryFurnitureEquipment,"795,700,000","859,400,000","836,700,000","818,100,000","804,700,000","793,400,000","788,300,000","785,700,000","806,400,000","781,300,000","779,000,000","757,500,000","730,700,000","725,900,000","717,000,000","722,041,000","719,924,000","713,504,000","706,469,000","713,228,000","688,409,000","681,091,000","676,818,000","663,472,000","655,855,000","649,169,000","641,834,000","618,084,000","607,965,000","604,192,000","598,526,000","593,344,000","585,250,000","575,512,000","585,184,000","580,115,000","574,132,000","569,089,000","567,360,000","556,304,000","537,963,000","527,154,000","525,405,000","543,682,000","538,848,000","533,467,000","527,087,000","556,815,000","543,962,000","609,503,000","623,342,000","648,677,000","641,221,000","635,755,000","642,575,000","669,201,000","641,435,000","639,254,000","622,238,000","726,790,000","729,506,000","750,621,000","735,611,000","745,812,000","729,470,000","708,125,000","690,288,000","729,193,000","719,852,000","704,539,000","686,403,000","666,415,000","644,981,000","634,688,000","614,876,000","588,815,000","573,213,000","576,214,000","644,941,000","635,403,000","605,131,000","541,924,000","502,658,000","478,847,000","444,036,000",,,,,,,,,,,,,,,,,,,,,,,,,,,,,,,,,,,,,,,,,,,,,,,,,,
				OtherProperties,"1,152,900,000","1,095,200,000","1,041,000,000","1,007,400,000","1,025,800,000","1,039,200,000","1,041,300,000","1,054,600,000","1,159,900,000","1,175,900,000","1,192,300,000",,,,,,,,,,,,,,,,,,,,,,,,,,,,,,,,,,,,,,,,,,,,,,,,,,,,,,,,,,,,,,,,,,,,,,,,,,,,,,,,,,,,,,,,,,,,,,,,,,,,,,,,,,,,,,,,,,,,,,,,,,,,
				ConstructionInProgress,"23,000,000","19,700,000","15,900,000","14,900,000","14,500,000","16,500,000","18,300,000","24,400,000","27,800,000","22,300,000","22,500,000","19,200,000","26,100,000","38,200,000","25,200,000","22,161,000","10,563,000","10,047,000","15,381,000","21,767,000","12,144,000","11,167,000","16,190,000","23,965,000","18,914,000","13,356,000","15,716,000","15,001,000","17,065,000","14,558,000","24,817,000","32,844,000","24,039,000","10,487,000","14,292,000","20,588,000","12,996,000","17,896,000","13,540,000","11,211,000","7,138,000","6,142,000","7,094,000","6,425,000","2,845,000","3,439,000","3,045,000","11,870,000","6,945,000","8,648,000","8,016,000","10,559,000","24,864,000","24,145,000","18,847,000","35,106,000","47,274,000","75,631,000","68,787,000","101,163,000","96,656,000","96,819,000","84,996,000","94,734,000","73,887,000","85,914,000","77,408,000","87,192,000","77,876,000","75,379,000","75,498,000","72,818,000","54,796,000","63,324,000","51,414,000","71,913,000","59,163,000","57,562,000","70,025,000","57,015,000","79,420,000","53,030,000","58,458,000","70,051,000","81,873,000",,,,,,,,,,,,,,,,,,,,,,,,,,,,,,,,,,,,,,,,,,,,,,,,,,
			AccumulatedDepreciation,"-1,665,500,000","-1,746,600,000","-1,715,100,000","-1,686,500,000","-1,657,500,000","-1,628,000,000","-1,603,500,000","-1,573,400,000","-1,588,000,000","-1,555,600,000","-1,535,900,000","-1,509,600,000","-1,495,600,000","-1,507,900,000","-1,494,300,000","-1,632,536,000","-1,609,722,000","-1,580,028,000","-1,556,773,000","-1,538,706,000","-1,506,665,000","-1,472,393,000","-1,453,350,000","-1,418,835,000","-1,389,913,000","-1,361,015,000","-1,329,346,000","-1,295,761,000","-1,271,950,000","-1,243,711,000","-1,224,510,000","-1,202,812,000","-1,191,264,000","-1,168,386,000","-1,167,801,000","-1,147,895,000","-1,127,808,000","-1,106,843,000","-1,097,317,000","-1,076,238,000","-1,055,429,000","-1,037,512,000","-1,025,454,000","-1,033,870,000","-1,011,659,000","-988,052,000","-965,267,000","-970,272,000","-952,107,000","-1,058,183,000","-1,049,787,000","-1,042,061,000","-1,017,032,000","-979,563,000","-946,862,000","-945,150,000","-899,385,000","-883,031,000","-851,620,000","-1,044,624,000","-1,065,017,000","-1,085,357,000","-1,051,350,000","-1,043,108,000","-1,008,572,000","-972,554,000","-935,316,000","-963,892,000","-936,998,000","-888,289,000","-850,000,000","-810,835,000","-772,099,000","-746,730,000","-718,207,000","-675,914,000","-644,657,000","-643,788,000","-702,696,000","-682,435,000","-647,849,000","-617,098,000","-589,452,000","-563,320,000","-546,443,000","-525,102,000","-504,370,000","-482,944,000","-463,890,000","-443,900,000","-423,400,000","-403,900,000","-388,100,000","-371,300,000","-355,200,000","-337,800,000","-325,300,000","-310,200,000","-305,200,000","-293,500,000","-283,600,000","-268,700,000","-255,600,000","-242,000,000","-238,400,000","-229,900,000","-214,800,000","-202,500,000","-192,000,000","-183,700,000","-172,500,000","-160,900,000","-139,800,000","-129,800,000","-121,800,000","-112,900,000","-105,400,000","-98,000,000","-91,300,000","-84,600,000","-82,500,000","-77,100,000","-72,100,000","-68,000,000","-64,500,000","-60,400,000","-56,300,000","-52,300,000","-49,300,000","-45,900,000","-42,600,000","-39,500,000","-29,300,000","-18,800,000","-10,200,000"
		GoodwillAndOtherIntangibleAssets,"223,600,000","224,100,000","213,400,000","209,300,000","209,600,000","210,000,000","210,200,000","210,600,000","211,000,000","213,400,000","214,000,000","187,800,000","186,500,000","186,700,000","187,600,000","187,785,000","188,755,000","189,286,000","190,081,000","191,465,000","191,774,000","192,003,000","193,625,000","194,232,000","194,845,000","191,422,000","192,158,000","149,023,000","149,543,000","150,410,000","151,543,000","152,275,000","133,163,000","133,502,000","133,260,000","142,103,000","125,604,000","125,604,000","125,604,000","125,604,000","124,089,000","124,089,000","124,089,000","124,089,000","124,089,000","124,089,000","124,089,000","124,089,000","124,090,000","129,877,000","130,719,000","130,719,000","137,841,000","137,907,000","139,831,000","140,371,000","139,140,000","139,064,000","138,959,000","138,876,000","142,688,000","145,640,000","145,347,000","145,479,000","145,193,000","145,512,000","124,749,000","135,754,000","135,754,000","136,021,000","136,021,000","158,068,000","158,068,000","185,068,000","185,068,000","185,068,000","193,899,000","193,899,000","193,899,000","193,899,000","193,899,000","193,899,000","141,080,000","138,127,000","115,455,000","70,519,000","71,007,000","71,561,000","72,114,000","73,100,000","73,600,000","74,200,000","74,700,000","75,200,000","75,800,000","76,300,000","76,900,000","77,400,000","77,700,000","78,300,000","79,000,000","79,600,000","72,800,000","73,300,000","73,700,000","74,000,000","74,500,000",,,,,,,,,,,,,,,,,,,,,,,,,,,,
			Goodwill,"195,100,000","194,900,000","188,100,000","188,200,000","188,100,000","188,000,000","187,700,000","187,600,000","187,400,000","189,600,000","189,700,000","165,500,000","163,800,000","163,700,000","164,000,000","163,808,000","164,011,000","164,148,000","164,245,000","163,953,000","163,814,000","163,706,000","163,933,000","164,007,000","163,872,000","160,208,000","160,448,000","132,381,000","132,309,000","132,823,000","133,194,000","133,434,000","133,163,000","133,502,000","133,260,000","142,103,000","125,604,000","125,604,000","125,604,000","125,604,000","124,089,000","124,089,000","124,089,000","124,089,000","124,089,000","124,089,000","124,089,000","124,089,000","124,090,000","129,877,000","130,719,000","130,719,000","137,841,000","137,907,000","139,831,000","140,371,000","139,140,000","139,064,000","138,959,000","138,876,000","142,688,000","145,640,000","145,347,000","145,479,000","145,193,000",,,,,,,,,,,,,"193,899,000",,,"193,899,000",,,,,,,,,,,,,,,,,,,,,,,,,,,,,,,,,,,,,,,,,,,,,,,,,,,,,,
			OtherIntangibleAssets,"28,500,000","29,200,000","25,300,000","21,100,000","21,500,000","22,000,000","22,500,000","23,000,000","23,600,000","23,800,000","24,300,000","22,300,000","22,700,000","23,000,000","23,600,000","23,977,000","24,744,000","25,138,000","25,836,000","27,512,000","27,960,000","28,297,000","29,692,000","30,225,000","30,973,000","31,214,000","31,710,000","16,642,000","17,234,000","17,587,000","18,349,000","18,841,000",,,,,,,,,,,,,,,,,,,,,,,,,,,,,,,,,,"145,512,000","124,749,000","135,754,000","135,754,000","136,021,000","136,021,000","158,068,000","158,068,000","185,068,000","185,068,000","185,068,000","193,899,000",,"193,899,000","193,899,000",,"193,899,000","141,080,000","138,127,000","115,455,000","70,519,000","71,007,000","71,561,000","72,114,000","73,100,000","73,600,000","74,200,000","74,700,000","75,200,000","75,800,000","76,300,000","76,900,000","77,400,000","77,700,000","78,300,000","79,000,000","79,600,000","72,800,000","73,300,000","73,700,000","74,000,000","74,500,000",,,,,,,,,,,,,,,,,,,,,,,,,,,,
		NonCurrentDeferredAssets,"54,400,000","53,600,000","42,600,000","50,900,000","47,500,000","53,500,000","39,100,000","38,200,000","42,500,000","40,300,000","45,500,000","112,000,000","119,800,000","113,900,000","112,100,000","33,613,000","29,239,000","26,508,000","32,443,000","37,029,000","35,687,000","33,360,000","29,972,000","27,003,000","11,990,000","28,808,000","45,306,000","30,644,000","23,512,000","32,947,000","32,202,000","30,090,000","25,258,000","22,567,000","21,139,000","24,064,000","27,029,000","26,932,000","20,033,000","20,231,000","20,415,000","22,709,000","25,678,000","30,365,000","24,535,000","30,113,000","42,884,000","44,213,000","37,230,000","49,756,000","1,665,000","0","51,036,000","58,191,000","22,935,000","23,160,000","5,501,000","16,766,000","12,805,000","4,778,000","2,735,000","6,463,000","3,546,000",,,,,,,,,,,,,,,,,,,,,,,,,,,,,,,,,,,,,,,,,,,,,,,,,,,,,,,,,,,,,,,,,,,,,,,,
			NonCurrentDeferredTaxesAssets,"54,400,000","53,600,000","42,600,000","50,900,000","47,500,000","53,500,000","39,100,000","38,200,000","42,500,000","40,300,000","45,500,000","112,000,000","119,800,000","113,900,000","112,100,000","33,613,000","29,239,000","26,508,000","32,443,000","37,029,000","35,687,000","33,360,000","29,972,000","27,003,000","11,990,000","28,808,000","45,306,000","30,644,000","23,512,000","32,947,000","32,202,000","30,090,000","25,258,000","22,567,000","21,139,000","24,064,000","27,029,000","26,932,000","20,033,000","20,231,000","20,415,000","22,709,000","25,678,000","30,365,000","24,535,000","30,113,000","42,884,000","44,213,000","37,230,000","49,756,000","1,665,000","0","51,036,000","58,191,000","22,935,000","23,160,000","5,501,000","16,766,000","12,805,000","4,778,000","2,735,000","6,463,000","3,546,000",,,,,,,,,,,,,,,,,,,,,,,,,,,,,,,,,,,,,,,,,,,,,,,,,,,,,,,,,,,,,,,,,,,,,,,,
		OtherNonCurrentAssets,"21,500,000","23,500,000","25,700,000","25,300,000","22,100,000","23,300,000","23,100,000","22,900,000","24,600,000","26,800,000","25,500,000","26,400,000","30,600,000","28,900,000","31,100,000","30,729,000","31,001,000","32,193,000","30,400,000","30,200,000","30,368,000","30,253,000","32,368,000","31,555,000","32,605,000","34,484,000","34,629,000","34,445,000","36,793,000","35,574,000","40,883,000","40,931,000","59,092,000","59,956,000","61,029,000","52,030,000","48,411,000","48,090,000","51,627,000","51,827,000","53,862,000","49,972,000","52,350,000","52,475,000","47,927,000","47,810,000","55,435,000","53,658,000","44,331,000","46,492,000","48,299,000","48,661,000","53,314,000","52,274,000","43,618,000","43,854,000","41,694,000","44,115,000","37,384,000","39,611,000","45,888,000","45,124,000","44,029,000","41,266,000","44,808,000","47,379,000","71,120,000","72,026,000","66,603,000","68,845,000","73,482,000","85,957,000","94,928,000","93,235,000","86,744,000","92,183,000","86,133,000","85,528,000","95,682,000","92,066,000","97,346,000","95,066,000","91,472,000","82,245,000","87,549,000","106,609,000","98,614,000","99,012,000","93,372,000","94,200,000","94,900,000","94,800,000","114,200,000","118,600,000","106,500,000","99,000,000","90,000,000","76,300,000","59,500,000","56,600,000","56,200,000","114,500,000","122,200,000","115,900,000","99,800,000","66,800,000","64,200,000","70,700,000","65,900,000","64,400,000","79,600,000","77,300,000","74,600,000","68,300,000","58,700,000","54,000,000","54,900,000","50,200,000","53,900,000","46,200,000","46,900,000","44,500,000","40,200,000","35,000,000","26,700,000","26,600,000","27,700,000","28,100,000","27,600,000","27,100,000","26,600,000","27,700,000","24,900,000","9,100,000","6,200,000"
TotalLiabilitiesNetMinorityInterest,"2,770,000,000","2,784,700,000","2,664,900,000","2,578,200,000","2,699,600,000","2,801,800,000","2,800,400,000","2,835,100,000","3,160,100,000","3,072,600,000","3,076,100,000","2,036,500,000","2,078,300,000","2,150,000,000","2,059,900,000","2,065,649,000","1,945,421,000","1,953,405,000","1,907,653,000","1,907,381,000","1,901,778,000","2,028,691,000","2,009,591,000","1,685,815,000","1,732,850,000","1,744,816,000","1,657,471,000","1,514,333,000","1,469,448,000","1,544,890,000","1,438,030,000","1,427,510,000","1,361,972,000","1,366,075,000","1,313,192,000","1,303,246,000","1,200,653,000","1,248,223,000","1,163,767,000","1,126,199,000","1,104,452,000","1,119,515,000","1,058,560,000","1,045,658,000","1,041,706,000","1,084,780,000","1,038,339,000","1,123,356,000","1,157,450,000","1,195,964,000","1,267,780,000","1,302,023,000","1,395,310,000","1,519,607,000","1,551,402,000","1,598,033,000","1,631,267,000","1,672,753,000","1,617,433,000","1,512,932,000","1,308,949,000","1,247,173,000","1,145,793,000","1,145,947,000","1,126,205,000","1,226,989,000","1,180,496,000","1,055,842,000","1,098,236,000","1,207,458,000","1,143,011,000","1,185,718,000","869,193,000","872,254,000","804,218,000","803,040,000","811,273,000","826,595,000","813,601,000","806,240,000","827,497,000","734,517,000","570,576,000","542,014,000","461,818,000","449,576,000","403,379,000","400,120,000","435,900,000","458,400,000","436,900,000","424,200,000","425,000,000","430,800,000","441,100,000","395,700,000","371,900,000","373,800,000","453,100,000","473,200,000","461,200,000","341,100,000","295,800,000","280,600,000","268,600,000","230,000,000","243,600,000","236,000,000","167,700,000","149,200,000","149,300,000","141,400,000","127,000,000","117,900,000","111,800,000","100,600,000","91,800,000","80,300,000","85,100,000","83,200,000","79,800,000","63,600,000","59,900,000","58,800,000","55,800,000","67,300,000","65,200,000","65,300,000","88,900,000","86,000,000","82,100,000","75,200,000","67,000,000","62,300,000","24,600,000"
	CurrentLiabilities,"583,100,000","569,400,000","547,200,000","571,600,000","577,800,000","520,300,000","509,500,000","497,900,000","520,000,000","552,400,000","516,400,000","421,600,000","453,500,000","488,000,000","507,600,000","434,340,000","448,997,000","451,876,000","414,362,000","446,428,000","437,267,000","469,804,000","425,621,000","432,443,000","422,291,000","449,010,000","393,153,000","418,475,000","406,641,000","511,109,000","440,897,000","466,110,000","416,294,000","428,955,000","366,892,000","390,211,000","390,635,000","431,384,000","356,636,000","401,749,000","411,004,000","422,149,000","354,086,000","405,601,000","394,370,000","432,896,000","370,350,000","449,877,000","669,268,000","693,506,000","376,613,000","408,882,000","444,224,000","592,739,000","485,353,000","526,169,000","552,973,000","621,680,000","501,967,000","525,082,000","557,470,000","604,783,000","492,702,000","497,375,000","525,197,000","556,559,000","482,396,000","419,917,000","412,964,000","390,923,000","327,139,000","379,162,000","371,437,000","365,671,000","308,885,000","310,211,000","307,337,000","335,952,000","286,751,000","302,220,000","292,026,000","289,338,000","238,149,000","241,491,000","255,673,000","250,076,000","234,490,000","231,000,000","217,133,000","190,900,000","193,700,000","190,100,000","185,100,000","191,300,000","230,500,000","198,100,000","160,700,000","147,000,000","156,100,000","155,700,000","321,800,000","203,500,000","154,100,000","138,400,000","128,700,000","90,900,000","102,700,000","96,400,000","128,500,000","112,300,000","110,900,000","103,400,000","97,000,000","89,400,000","84,900,000","74,900,000","70,700,000","59,700,000","63,500,000","62,200,000","59,700,000","43,900,000","40,400,000","40,100,000","37,100,000","38,900,000","38,000,000","41,600,000","34,500,000","27,500,000","28,600,000","28,800,000","18,500,000","13,600,000","9,800,000"
		PayablesAndAccruedExpenses,"343,700,000","297,200,000","312,300,000","346,000,000","331,900,000","262,100,000","266,900,000","257,400,000","276,200,000","272,300,000","288,100,000","290,300,000","315,900,000","293,400,000","358,900,000","292,582,000","301,363,000","276,792,000","287,341,000","310,297,000","301,969,000","291,010,000","301,048,000","306,551,000","289,727,000","279,370,000","281,396,000","300,310,000","283,108,000","271,227,000","274,499,000","294,348,000","387,935,000","399,552,000","336,089,000","269,877,000","363,107,000","401,471,000","325,880,000","288,083,000","383,732,000","394,938,000","333,186,000","383,510,000","372,337,000","410,920,000","348,430,000","433,011,000","407,798,000","441,593,000","374,754,000","407,067,000","442,470,000","493,161,000","460,699,000","500,562,000","534,215,000","566,505,000","470,941,000","498,752,000","509,055,000","523,845,000","438,333,000","465,725,000","462,498,000","487,429,000","435,973,000","395,373,000","368,578,000","372,773,000","309,008,000","324,020,000","296,499,000","306,653,000","263,416,000","284,651,000","263,080,000","276,704,000","243,896,000","284,928,000","275,575,000","271,703,000","220,514,000","223,856,000","241,038,000","101,586,000","114,132,000","104,461,000","91,487,000","66,300,000","87,400,000","74,100,000","77,100,000","79,900,000","133,100,000","97,600,000","73,300,000","67,200,000","76,900,000","76,600,000","69,400,000","68,500,000","68,700,000","58,900,000","39,600,000","22,400,000","41,400,000","34,300,000","34,200,000","41,600,000","44,400,000","45,000,000","35,200,000","35,400,000","34,300,000","30,200,000","13,700,000","16,300,000","25,600,000","24,300,000","25,800,000","15,100,000","15,100,000","15,300,000","16,200,000","14,400,000","11,100,000","14,300,000","12,900,000","8,100,000","9,700,000","10,300,000",,,
			Payables,"169,200,000","164,200,000","157,300,000","174,400,000","161,000,000","147,500,000","144,400,000","142,600,000","147,600,000","148,200,000","160,900,000","144,300,000","154,000,000","161,000,000","224,800,000","154,344,000","147,988,000","144,970,000","146,315,000","174,210,000","145,147,000","153,894,000","160,021,000","174,030,000","148,521,000","142,735,000","146,614,000","157,691,000","141,010,000","140,427,000","146,020,000","159,665,000","104,105,000","79,571,000","85,617,000","139,569,000","89,471,000","97,015,000","78,113,000","145,521,000","98,115,000","87,184,000","77,197,000","142,832,000","84,358,000","84,821,000","79,150,000","132,471,000","104,007,000","114,125,000","100,206,000","121,483,000","131,606,000","122,847,000","136,415,000","168,619,000","184,771,000","174,909,000","150,991,000","167,789,000","180,495,000","141,314,000","145,049,000","151,216,000","153,082,000","147,446,000","136,181,000","133,096,000","125,283,000","103,605,000","100,141,000","96,795,000","94,283,000","88,231,000","99,375,000","108,068,000","93,402,000","84,134,000","104,207,000","118,418,000","110,865,000","103,828,000","95,548,000","89,436,000","116,925,000","101,586,000","114,132,000","104,461,000","91,487,000","66,300,000","87,400,000","74,100,000","77,100,000","79,900,000","133,100,000","97,600,000","73,300,000","67,200,000","76,900,000","76,600,000","69,400,000","68,500,000","68,700,000","58,900,000","39,600,000","22,400,000","41,400,000","34,300,000","34,200,000","41,600,000","44,400,000","45,000,000","35,200,000","35,400,000","34,300,000","30,200,000","13,700,000","16,300,000","25,600,000","24,300,000","25,800,000","15,100,000","15,100,000","15,300,000","16,200,000","14,400,000","11,100,000","14,300,000","12,900,000","8,100,000","9,700,000","10,300,000",,,
				AccountsPayable,"131,400,000","118,800,000","112,400,000","127,700,000","121,400,000","101,700,000","99,400,000","104,900,000","101,300,000","92,100,000","105,200,000","97,500,000","108,300,000","112,200,000","97,200,000","104,662,000","97,166,000","92,163,000","93,229,000","104,231,000","85,606,000","88,369,000","93,576,000","95,414,000","94,848,000","82,941,000","84,541,000","92,947,000","89,382,000","77,561,000","90,137,000","102,931,000","93,309,000","75,126,000","85,617,000","93,326,000","83,135,000","83,720,000","78,113,000","100,531,000","92,397,000","86,798,000","77,197,000","87,549,000","82,905,000","84,821,000","79,150,000","112,824,000","104,007,000","114,125,000","100,206,000","121,483,000","131,606,000","122,847,000","136,415,000","168,619,000","184,771,000","174,909,000","150,991,000","167,789,000","180,495,000","141,314,000","145,049,000","151,216,000","153,082,000","147,446,000","136,181,000","133,096,000","125,283,000","103,605,000","100,141,000","96,795,000","94,283,000","88,231,000","99,375,000","108,068,000","93,402,000","84,134,000","104,207,000","118,418,000","110,865,000","103,828,000","95,548,000","89,436,000","116,925,000","101,586,000","114,132,000","104,461,000","91,487,000","66,300,000","87,400,000","74,100,000","77,100,000","79,900,000","133,100,000","97,600,000","73,300,000","67,200,000","76,900,000","76,600,000","69,400,000","68,500,000","68,700,000","58,900,000","39,600,000","22,400,000","41,400,000","34,300,000","34,200,000","41,600,000","44,400,000","45,000,000","35,200,000","35,400,000","34,300,000","30,200,000","13,700,000","16,300,000","25,600,000","24,300,000","25,800,000","15,100,000","15,100,000","15,300,000","16,200,000","14,400,000","11,100,000","14,300,000","12,900,000","8,100,000","9,700,000","10,300,000",,,
				TotalTaxPayable,"37,800,000","45,400,000","44,900,000","46,700,000","39,600,000","45,800,000","45,000,000","36,200,000","31,200,000","40,500,000","40,200,000","31,900,000","30,900,000","34,000,000","111,700,000","33,337,000","33,983,000","35,198,000","34,654,000","53,330,000","42,911,000","48,638,000","47,814,000","60,856,000","35,830,000","41,075,000","42,832,000","47,783,000","34,115,000","45,114,000","37,733,000","41,109,000","10,796,000","4,445,000",,"32,732,000","6,336,000","13,295,000",,"33,042,000","5,718,000","386,000","0","43,674,000","1,453,000","0","0","19,647,000",,,,"0","0","0",,,,,,,,,,,,,,,,,,,,,,,,,,,,,,,,,,,,,,,,,,,,,,,,,,,,,,,,,,,,,,,,,,,,,,,,,,,,,,,,,
					IncomeTaxPayable,,,,"1,100,000","400,000","4,800,000",,,,,,"0","0","0","74,600,000","1,738,000","2,857,000","0",,"14,203,000","6,497,000","7,839,000","7,675,000","18,814,000","0","989,000","3,971,000","13,251,000","1,808,000","7,961,000","1,104,000","7,278,000","10,796,000","4,445,000",,,"6,336,000","13,295,000",,"0","5,718,000","386,000","0","8,596,000","1,453,000","0","0","19,647,000",,,,"0","0","0",,,,,,,,,,,,,,,,,,,,,,,,,,,,,,,,,,,,,,,,,,,,,,,,,,,,,,,,,,,,,,,,,,,,,,,,,,,,,,,,,
				DividendsPayable,,,,,,,,"1,500,000","15,100,000","15,600,000","15,500,000","14,900,000","14,800,000","14,800,000","15,900,000","16,345,000","16,839,000","17,609,000","18,432,000","16,649,000","16,630,000","16,887,000","18,631,000","17,760,000","17,843,000","18,719,000","19,241,000","16,961,000","17,513,000","17,752,000","18,150,000","15,625,000",,,,"13,511,000",,,,"11,948,000",,,,"11,609,000",,,,,,,,,,,,,,,,,,,,,,,,,,,,,,,,,,,,,,,,,,,,,,,,,,,,,,,,,,,,,,,,,,,,,,,,,,,,,,,,,,,,,,,,,,,
			CurrentAccruedExpenses,"174,500,000","133,000,000","155,000,000","171,600,000","170,900,000","114,600,000","122,500,000","114,800,000","128,600,000","124,100,000","127,200,000","146,000,000","161,900,000","132,400,000","134,100,000","138,238,000","153,375,000","131,822,000","141,026,000","136,087,000","156,822,000","137,116,000","141,027,000","132,521,000","141,206,000","136,635,000","134,782,000","142,619,000","142,098,000","130,800,000","128,479,000","134,683,000","283,830,000","319,981,000","250,472,000","130,308,000","273,636,000","304,456,000","247,767,000","142,562,000","285,617,000","307,754,000","255,989,000","240,678,000","287,979,000","326,099,000","269,280,000","300,540,000","303,791,000","327,468,000","274,548,000","285,584,000","310,864,000","370,314,000","324,284,000","331,943,000","349,444,000","391,596,000","319,950,000","330,963,000","328,560,000","382,531,000","293,284,000","314,509,000","309,416,000","339,983,000","299,792,000","262,277,000","243,295,000","269,168,000","208,867,000","227,225,000","202,216,000","218,422,000","164,041,000","176,583,000","169,678,000","192,570,000","139,689,000","166,510,000","164,710,000","167,875,000","124,966,000","134,420,000","124,113,000",,,,,,,,,,,,,,,,,,,,,,,,,,,,,,,,,,,,,,,,,,,,,,,,,,
				InterestPayable,"13,600,000","6,300,000","13,500,000","6,900,000","14,300,000","7,100,000","14,900,000","7,500,000","14,600,000","6,700,000","14,900,000","7,500,000","14,800,000","7,500,000","14,600,000","7,756,000","16,628,000","7,726,000","16,591,000",,,,,,,,,,,,,,,,,,,,,,,,,,,,,,,,,,,,,,,,,,,,,,,,,,,,,,,,,,,,,,,,,,,,,,,,,,,,,,,,,,,,,,,,,,,,,,,,,,,,,,,,,,,,,,,,,,,,
		CurrentProvisions,,,,,,,,,,,,,,,,,,,,,,,,,,,,,"1,185,000","45,175,000","39,500,000","39,500,000",,,,,,,,,,,,,,,,,,,,,,,,,,,,,,,,,,,,,,,,,,,,,,,,,,,,,,,,,,,,,,,,,,,,,,,,,,,,,,,,,,,,,,,,,,,,,,,,,,,,,,,
		CurrentDebtAndCapitalLeaseObligation,"134,600,000","137,000,000","132,700,000","119,200,000","135,000,000","128,300,000","135,500,000","129,500,000","133,700,000","130,400,000","129,400,000","9,700,000","7,900,000","8,100,000","7,400,000","7,088,000","7,301,000","8,265,000","9,015,000","9,649,000","3,860,000","3,815,000","3,848,000","3,563,000","3,605,000","3,605,000","3,521,000","3,439,000","3,115,000","28,036,000","27,959,000","27,884,000","27,810,000","27,737,000","27,566,000","27,596,000","27,528,000","27,462,000","27,397,000","27,334,000","27,272,000","27,211,000","20,900,000","22,091,000","22,033,000","21,976,000","21,920,000","16,866,000","251,812,000","251,913,000","1,859,000","1,815,000","1,754,000","91,703,000","2,028,000","1,973,000","1,918,000","1,865,000","1,812,000","1,761,000","2,230,000","2,200,000","2,175,000","2,197,000","2,237,000","2,270,000","1,824,000","1,805,000","15,983,000","16,068,000","18,131,000","18,099,000","17,595,000","17,656,000","17,702,000","17,629,000","17,605,000","17,492,000","17,334,000","17,292,000","16,451,000","17,635,000","17,635,000","17,635,000","14,635,000","14,635,000","14,635,000","14,635,000","14,635,000","14,600,000","14,600,000","14,600,000","14,600,000","14,600,000","14,600,000","14,600,000","300,000","300,000","300,000","300,000","182,700,000","67,300,000","25,300,000","15,300,000","15,400,000","400,000","400,000","1,600,000","31,000,000","12,400,000","11,500,000","500,000","5,300,000","3,100,000","5,000,000","300,000","8,700,000","3,200,000","200,000","100,000","100,000","100,000","100,000","100,000","100,000","5,200,000","9,400,000","9,000,000","100,000","200,000","200,000","200,000","300,000","300,000","400,000"
			CurrentDebt,,,,,,,,,,,,"9,700,000","7,900,000","8,100,000","7,400,000","7,088,000","7,301,000","8,265,000","9,015,000","9,649,000","3,860,000","3,815,000","3,848,000","3,563,000","3,605,000","3,605,000","3,521,000","3,439,000","3,115,000","28,036,000","27,959,000","27,884,000","27,810,000","27,737,000","27,566,000","27,596,000","27,528,000","27,462,000","27,397,000","27,334,000","27,272,000","27,211,000","20,900,000","22,091,000","22,033,000","21,976,000","21,920,000","16,866,000","251,812,000","251,913,000","1,859,000","1,815,000","1,754,000","91,703,000","2,028,000","1,973,000","1,918,000","1,865,000","1,812,000","1,761,000","2,230,000","2,200,000","2,175,000","2,197,000","2,237,000","2,270,000","1,824,000","1,805,000","15,983,000","16,068,000","18,131,000","18,099,000","17,595,000","17,656,000","17,702,000","17,629,000","17,605,000","17,492,000","17,334,000","17,292,000","16,451,000","17,635,000","17,635,000","17,635,000","14,635,000","14,635,000","14,635,000","14,635,000","14,635,000","14,600,000","14,600,000","14,600,000","14,600,000","14,600,000","14,600,000","14,600,000","300,000","300,000","300,000","300,000","182,700,000","67,300,000","25,300,000","15,300,000","15,400,000","400,000","400,000","1,600,000","31,000,000","12,400,000","11,500,000","500,000","5,300,000","3,100,000","5,000,000","300,000","8,700,000","3,200,000","200,000","100,000","100,000","100,000","100,000","100,000","100,000","5,200,000","9,400,000","9,000,000","100,000","200,000","200,000","200,000","300,000","300,000","400,000"
			CurrentCapitalLeaseObligation,"134,600,000","137,000,000","132,700,000","119,200,000","135,000,000","128,300,000","135,500,000","129,500,000","133,700,000","130,400,000","129,400,000",,,,,,,,,,,,,,,,,,,,,,,,,,,,,,,,,,,,,,,,,,,,,,,,,,,,,,,,,,,,,,,,,,,,,,,,,,,,,,,,,,,,,,,,,,,,,,,,,,,,,,,,,,,,,,,,,,,,,,,,,,,,
		CurrentDeferredLiabilities,"104,800,000","135,200,000","102,200,000","106,400,000","110,900,000","129,900,000","107,100,000","111,000,000","110,100,000","149,700,000","98,900,000","121,600,000","129,700,000","186,500,000","141,300,000","134,670,000","140,333,000","166,819,000","118,006,000","126,482,000","131,438,000","174,979,000","120,725,000","122,329,000","128,959,000","166,035,000","108,236,000","114,726,000","119,233,000","166,671,000","98,939,000","104,378,000","549,000","1,666,000","3,237,000","92,738,000",,"2,451,000","3,359,000","86,332,000",,,,,,,,,,,,,,,,,,,,,,,,,,,,,,,,,,,,,,,,,,,,,,,,,,,,,,,,,,,,,,,,,,,,,,,,,,,,,,,,,,,,,,,,,,,,,,,
			CurrentDeferredTaxesLiabilities,,,,,,,,,,,,,,,,,,,,,,,,,,,"565,000",,,,,"0","549,000","1,666,000","3,237,000","845,000",,"2,451,000","3,359,000",,,,,,,,,,,,,,,,,,,,,,,,,,,,,,,,,,,,,,,,,,,,,,,,,,,,,,,,,,,,,,,,,,,,,,,,,,,,,,,,,,,,,,,,,,,,,,,,
			CurrentDeferredRevenue,"104,800,000","135,200,000","102,200,000","106,400,000","110,900,000","129,900,000","107,100,000","109,900,000","108,700,000","148,300,000","97,500,000","100,900,000","109,600,000","153,000,000","106,300,000","134,670,000","140,333,000","166,819,000","118,006,000","126,482,000","131,438,000","174,979,000","120,725,000","122,329,000","128,959,000","166,035,000","107,671,000","114,726,000","119,233,000","166,671,000","98,939,000","104,378,000",,,,"91,893,000",,,,"86,332,000",,,,,,,,,,,,,,,,,,,,,,,,,,,,,,,,,,,,,,,,,,,,,,,,,,,,,,,,,,,,,,,,,,,,,,,,,,,,,,,,,,,,,,,,,,,,,,,
		OtherCurrentLiabilities,,,,,,,,,,,,"411,900,000","445,600,000","479,900,000","425,600,000","427,252,000","441,696,000","443,611,000","405,347,000","436,779,000","433,407,000","465,989,000","421,773,000","428,880,000","418,686,000","445,405,000","389,632,000","415,036,000","403,526,000","483,073,000","412,938,000","438,226,000","388,484,000","401,218,000","339,326,000","362,615,000","363,107,000","403,922,000","329,239,000","374,415,000","356,460,000","367,727,000","312,286,000","383,510,000","350,304,000","388,944,000","348,430,000",,"9,658,000",,"372,895,000",,,"7,875,000","22,626,000","23,634,000","16,840,000","53,310,000","29,214,000","24,569,000","46,185,000","78,738,000","52,194,000","29,453,000","60,462,000","66,860,000","44,599,000","22,739,000","28,403,000","2,082,000",,"37,043,000","57,343,000","41,362,000","27,767,000","7,931,000","26,652,000","41,756,000","25,521,000",,,,,,,"133,855,000","105,723,000","111,904,000","111,011,000","110,000,000","91,700,000","101,400,000","93,400,000","96,800,000","82,800,000","85,900,000","87,100,000","79,500,000","78,900,000","78,800,000","69,700,000","67,700,000","60,100,000","64,200,000","73,700,000","68,100,000","60,900,000","60,500,000","63,300,000","58,300,000","55,000,000","57,900,000","56,500,000","50,900,000","45,600,000","44,400,000","48,300,000","40,200,000","37,700,000","37,800,000","33,800,000","28,700,000","25,200,000","24,700,000","20,800,000","19,300,000","17,500,000","18,300,000","21,500,000","19,200,000","18,700,000","18,300,000","18,200,000","13,300,000","9,400,000"
	TotalNonCurrentLiabilitiesNetMinorityInterest,"2,186,900,000","2,215,300,000","2,117,700,000","2,006,600,000","2,121,800,000","2,281,500,000","2,290,900,000","2,337,200,000","2,640,100,000","2,520,200,000","2,559,700,000","1,614,900,000","1,624,800,000","1,662,000,000","1,552,300,000","1,631,309,000","1,496,424,000","1,501,529,000","1,493,291,000","1,460,953,000","1,464,511,000","1,558,887,000","1,583,970,000","1,253,372,000","1,310,559,000","1,295,806,000","1,264,318,000","1,095,858,000","1,062,807,000","1,033,781,000","997,133,000","961,400,000","945,678,000","937,120,000","946,300,000","913,035,000","810,018,000","816,839,000","807,131,000","724,450,000","693,448,000","697,366,000","704,474,000","640,057,000","647,336,000","651,884,000","667,989,000","673,479,000","488,182,000","502,458,000","891,167,000","893,141,000","951,086,000","926,868,000","1,066,049,000","1,071,864,000","1,078,294,000","1,051,073,000","1,115,466,000","987,850,000","751,479,000","642,390,000","653,091,000","648,572,000","601,008,000","670,430,000","698,100,000","635,925,000","685,272,000","816,535,000","815,872,000","806,556,000","497,756,000","506,583,000","495,333,000","492,829,000","503,936,000","490,643,000","526,850,000","504,020,000","535,471,000","445,179,000","332,427,000","300,523,000","206,145,000","199,500,000","168,889,000","169,120,000","218,767,000","267,500,000","243,200,000","234,100,000","239,900,000","239,500,000","210,600,000","197,600,000","211,200,000","226,800,000","297,000,000","317,500,000","139,400,000","137,600,000","141,700,000","142,200,000","139,900,000","139,100,000","140,900,000","139,600,000","39,200,000","36,900,000","38,400,000","38,000,000","30,000,000","28,500,000","26,900,000","25,700,000","21,100,000","20,600,000","21,600,000","21,000,000","20,100,000","19,700,000","19,500,000","18,700,000","18,700,000","28,400,000","27,200,000","23,700,000","54,400,000","58,500,000","53,500,000","46,400,000","48,500,000","48,700,000","14,800,000"
		LongTermDebtAndCapitalLeaseObligation,"2,131,200,000","2,133,900,000","2,036,900,000","1,924,600,000","2,040,700,000","2,174,800,000","2,203,500,000","2,270,100,000","2,583,100,000","2,462,300,000","2,502,900,000","1,206,600,000","1,219,300,000","1,263,900,000","1,153,000,000","1,499,624,000","1,361,705,000","1,365,255,000","1,353,659,000","1,319,829,000","1,325,604,000","1,416,212,000","1,441,979,000","1,113,949,000","1,174,660,000","1,156,493,000","1,125,410,000","970,825,000","933,207,000","901,241,000","865,272,000","832,302,000","817,259,000","806,215,000","813,268,000","780,121,000","677,309,000","684,171,000","671,031,000","587,890,000","554,687,000","561,482,000","568,278,000","502,572,000","508,058,000","513,544,000","519,028,000","524,511,000","338,362,000","338,630,000","726,990,000","727,447,000","778,546,000","748,223,000","894,095,000","901,604,000","910,860,000","884,414,000","952,995,000","826,918,000","593,380,000","487,387,000","504,860,000","500,515,000","437,147,000","489,686,000","506,824,000","406,505,000","436,715,000","617,394,000","640,319,000","639,291,000","355,587,000","354,415,000","354,745,000","353,785,000","395,348,000","400,756,000","439,246,000","426,679,000","464,969,000","375,458,000","264,806,000","231,029,000","135,506,000","130,520,000","106,124,000","110,323,000","166,006,000","213,000,000","191,600,000","183,200,000","187,500,000","187,600,000","157,700,000","147,300,000","162,200,000","172,300,000","265,700,000","287,500,000","102,600,000","102,600,000","102,700,000","102,800,000","102,800,000","102,800,000","103,000,000","103,100,000","4,400,000","4,500,000","5,000,000","5,700,000","3,600,000","3,700,000","3,700,000","3,800,000","3,900,000","3,900,000","4,000,000","4,200,000","4,600,000","4,700,000","4,700,000","4,800,000","4,800,000","15,200,000","14,800,000","12,200,000","46,700,000","51,200,000","47,300,000","40,300,000","43,100,000","43,300,000","10,700,000"
			LongTermDebt,"911,900,000","951,200,000","898,300,000","917,900,000","937,800,000","1,052,400,000","1,158,300,000","1,208,500,000","1,345,400,000","1,215,400,000","1,240,200,000","1,206,600,000","1,219,300,000","1,263,900,000","1,153,000,000","1,499,624,000","1,361,705,000","1,365,255,000","1,353,659,000","1,319,829,000","1,325,604,000","1,416,212,000","1,441,979,000","1,113,949,000","1,174,660,000","1,156,493,000","1,125,410,000","970,825,000","933,207,000","901,241,000","865,272,000","832,302,000","817,259,000","806,215,000","813,268,000","780,121,000","677,309,000","684,171,000","671,031,000","587,890,000","554,687,000","561,482,000","568,278,000","502,572,000","508,058,000","513,544,000","519,028,000","524,511,000","338,362,000","338,630,000","726,990,000","727,447,000","778,546,000","748,223,000","894,095,000","901,604,000","910,860,000","884,414,000","952,995,000","826,918,000","593,380,000","487,387,000","504,860,000","500,515,000","437,147,000","489,686,000","506,824,000","406,505,000","436,715,000","617,394,000","640,319,000","639,291,000","355,587,000","354,415,000","354,745,000","353,785,000","395,348,000","400,756,000","439,246,000","426,679,000","464,969,000","375,458,000","264,806,000","231,029,000","135,506,000","130,520,000","106,124,000","110,323,000","166,006,000","213,000,000","191,600,000","183,200,000","187,500,000","187,600,000","157,700,000","147,300,000","162,200,000","172,300,000","265,700,000","287,500,000","102,600,000","102,600,000","102,700,000","102,800,000","102,800,000","102,800,000","103,000,000","103,100,000","4,400,000","4,500,000","5,000,000","5,700,000","3,600,000","3,700,000","3,700,000","3,800,000","3,900,000","3,900,000","4,000,000","4,200,000","4,600,000","4,700,000","4,700,000","4,800,000","4,800,000","15,200,000","14,800,000","12,200,000","46,700,000","51,200,000","47,300,000","40,300,000","43,100,000","43,300,000","10,700,000"
			LongTermCapitalLeaseObligation,"1,219,300,000","1,182,700,000","1,138,600,000","1,006,700,000","1,102,900,000","1,122,400,000","1,045,200,000","1,061,600,000","1,237,700,000","1,246,900,000","1,262,700,000",,,,,,,,,,,,,,,,,,,,,,,,,,,,,,,,,,,,,,,,,,,,,,,,,,,,,,,,,,,,,,,,,,,,,,,,,,,,,,,,,,,,,,,,,,,,,,,,,,,,,,,,,,,,,,,,,,,,,,,,,,,,
		NonCurrentDeferredLiabilities,"9,100,000","36,800,000","37,400,000","37,600,000","38,000,000","64,000,000","45,600,000","24,500,000","11,700,000","11,900,000","11,900,000","270,100,000","266,500,000","268,000,000","267,400,000",,,,,,,,,,,,,,,,,,,,,,,,,,,,,,,,,"0","0","0","0","4,295,000",,,,,,,,,,,,"7,016,000","19,461,000","41,011,000","55,396,000","56,189,000","77,163,000","75,436,000","83,081,000","81,902,000","48,606,000","65,901,000","61,515,000","55,096,000","37,654,000","17,899,000","19,458,000","17,295,000","17,901,000","16,244,000","14,503,000","12,502,000","13,133,000","11,145,000","9,482,000","7,667,000","11,648,000","10,200,000","8,900,000","9,100,000","11,300,000","10,200,000","9,300,000","8,300,000","10,300,000","9,400,000","8,300,000","7,400,000","15,400,000","14,600,000","13,800,000","12,900,000","14,500,000","13,700,000","14,400,000","13,500,000","14,800,000","12,700,000","13,100,000","12,100,000","11,300,000","10,500,000","9,700,000","8,900,000","11,100,000","10,400,000","12,100,000","11,500,000","10,200,000","9,800,000","9,500,000","8,700,000","10,200,000","9,300,000","8,600,000","7,800,000","7,600,000","7,000,000","6,100,000","5,900,000","5,100,000","5,200,000","3,800,000"
			NonCurrentDeferredTaxesLiabilities,"0","27,200,000","27,200,000","27,200,000","27,200,000","53,200,000","34,200,000","12,900,000",,,,,,,,,,,,,,,,,,,,,,,,,,,,,,,,,,,,,,,,"0","0","0","0","4,295,000",,,,,,,,,,,,"7,016,000","19,461,000","41,011,000","55,396,000","56,189,000","77,163,000","75,436,000","83,081,000","81,902,000","48,606,000","65,901,000","61,515,000","55,096,000","37,654,000","17,899,000","19,458,000","17,295,000","17,901,000","16,244,000","14,503,000","12,502,000","13,133,000","11,145,000","9,482,000","7,667,000","11,648,000","10,200,000","8,900,000","9,100,000","11,300,000","10,200,000","9,300,000","8,300,000","10,300,000","9,400,000","8,300,000","7,400,000","15,400,000","14,600,000","13,800,000","12,900,000","14,500,000","13,700,000","14,400,000","13,500,000","14,800,000","12,700,000","13,100,000","12,100,000","11,300,000","10,500,000","9,700,000","8,900,000","11,100,000","10,400,000","12,100,000","11,500,000","10,200,000","9,800,000","9,500,000","8,700,000","10,200,000","9,300,000","8,600,000","7,800,000","7,600,000","7,000,000","6,100,000","5,900,000","5,100,000","5,200,000","3,800,000"
			NonCurrentDeferredRevenue,,,,,,,,"0",,"0","0","255,300,000","250,700,000","252,200,000","251,000,000",,,,,,,,,,,,,,,,,,,,,,,,,,,,,,,,,,,,,,,,,,,,,,,,,,,,,,,,,,,,,,,,,,,,,,,,,,,,,,,,,,,,,,,,,,,,,,,,,,,,,,,,,,,,,,,,,,,,,,,,
		OtherNonCurrentLiabilities,"46,600,000","44,600,000","43,400,000","44,400,000","43,100,000","42,700,000","41,800,000","42,600,000","45,300,000","46,000,000","44,900,000","138,200,000","139,000,000","130,100,000","131,900,000","131,685,000","134,719,000","136,274,000","139,632,000","141,124,000","138,907,000","142,675,000","141,991,000","139,423,000","135,899,000","139,313,000","138,908,000","125,033,000","129,600,000","132,540,000","131,861,000","129,098,000","128,419,000","130,905,000","133,032,000","132,914,000","132,709,000","132,668,000","136,100,000","136,560,000","138,761,000","135,884,000","136,196,000","137,485,000","139,278,000","138,340,000","148,961,000","148,968,000","149,820,000","163,828,000","164,177,000","161,399,000","172,540,000","178,645,000","171,954,000","170,260,000","167,434,000","166,659,000","162,471,000","160,932,000","158,099,000","155,003,000","148,231,000","141,041,000","144,400,000","139,733,000","135,880,000","173,231,000","171,394,000","123,705,000","92,472,000","85,363,000","93,563,000","86,267,000","79,073,000","83,948,000","70,934,000","71,988,000","68,146,000","60,046,000","52,601,000","53,477,000","53,118,000","56,992,000","57,506,000","57,835,000","53,283,000","51,130,000","41,113,000","44,300,000","42,700,000","41,800,000","41,100,000","41,700,000","43,600,000","42,000,000","38,700,000","45,100,000","23,000,000","22,600,000","21,400,000","20,400,000","25,200,000","26,500,000","22,600,000","22,600,000","23,500,000","23,000,000","20,000,000","19,700,000","20,300,000","20,200,000","15,100,000","14,300,000","13,500,000","13,000,000","6,100,000","6,300,000","5,500,000","5,300,000","5,300,000","5,200,000","5,300,000","5,200,000","3,700,000","3,900,000","3,800,000","3,700,000","100,000","300,000","100,000","200,000","300,000","200,000","300,000"
TotalEquityGrossMinorityInterest,"-311,200,000","-327,400,000","-325,500,000","-303,300,000","-390,600,000","-444,100,000","-465,100,000","-479,100,000","-574,700,000","-568,900,000","-585,100,000","-778,200,000","-814,200,000","-855,200,000","-815,900,000","-718,309,000","-608,542,000","-552,860,000","-539,028,000","-493,681,000","-498,700,000","-530,586,000","-551,065,000","-213,099,000","-243,662,000","-164,932,000","-108,140,000","-78,460,000","-32,129,000","4,941,000","38,181,000","63,094,000","88,106,000","123,493,000","119,990,000","149,357,000","245,209,000","252,983,000","268,089,000","309,873,000","333,714,000","368,695,000","378,734,000","438,910,000","465,690,000","527,557,000","645,886,000","728,748,000","682,712,000","664,403,000","653,650,000","646,924,000","607,493,000","580,044,000","610,598,000","595,089,000","599,636,000","644,889,000","696,350,000","805,089,000","1,053,562,000","1,087,359,000","1,097,254,000","1,075,832,000","1,048,233,000","1,037,856,000","997,666,000","1,100,282,000","1,025,380,000","925,721,000","883,538,000","1,026,073,000","1,163,070,000","1,152,157,000","1,139,332,000","1,140,250,000","1,078,579,000","1,035,737,000","1,003,220,000","977,096,000","937,441,000","904,203,000","903,700,000","900,287,000","851,414,000","816,782,000","778,061,000","762,208,000","713,309,000","688,600,000","674,400,000","661,400,000","652,000,000","626,600,000","605,800,000","593,700,000","575,400,000","555,300,000","541,000,000","523,700,000","530,700,000","639,300,000","625,200,000","608,200,000","582,500,000","566,700,000","580,100,000","496,800,000","473,900,000","455,000,000","438,800,000","417,300,000","385,600,000","366,700,000","349,800,000","334,700,000","317,800,000","304,500,000","266,800,000","254,100,000","237,200,000","225,600,000","217,100,000","207,500,000","194,900,000","143,800,000","137,800,000","132,400,000","91,700,000","87,500,000","83,700,000","78,500,000","60,300,000","49,000,000","38,500,000"
	StockholdersEquity,"-311,200,000","-327,400,000","-325,500,000","-303,300,000","-390,600,000","-444,100,000","-465,100,000","-479,100,000","-574,700,000","-568,900,000","-585,100,000","-778,200,000","-814,200,000","-855,200,000","-815,900,000","-718,309,000","-608,542,000","-552,860,000","-539,028,000","-493,681,000","-498,700,000","-530,586,000","-551,065,000","-213,099,000","-243,662,000","-164,932,000","-108,140,000","-78,460,000","-32,129,000","4,941,000","38,181,000","63,094,000","88,106,000","123,493,000","119,990,000","149,357,000","245,209,000","252,983,000","268,089,000","309,873,000","333,714,000","368,695,000","378,734,000","438,910,000","465,690,000","527,557,000","645,886,000","728,748,000","682,712,000","664,403,000","653,650,000","646,924,000","607,493,000","580,044,000","610,598,000","595,089,000","599,636,000","644,889,000","696,350,000","805,089,000","1,053,562,000","1,087,359,000","1,097,254,000","1,075,832,000","1,048,233,000","1,037,856,000","997,666,000","1,100,282,000","1,025,380,000","925,721,000","883,538,000","1,026,073,000","1,163,070,000","1,152,157,000","1,139,332,000","1,140,250,000","1,078,579,000","1,035,737,000","1,003,220,000","977,096,000","937,441,000","904,203,000","903,700,000","900,287,000","851,414,000","816,782,000","778,061,000","762,208,000","713,309,000","688,600,000","674,400,000","661,400,000","652,000,000","626,600,000","605,800,000","593,700,000","575,400,000","555,300,000","541,000,000","523,700,000","530,700,000","639,300,000","625,200,000","608,200,000","582,500,000","566,700,000","580,100,000","496,800,000","473,900,000","455,000,000","438,800,000","417,300,000","385,600,000","366,700,000","349,800,000","334,700,000","317,800,000","304,500,000","266,800,000","254,100,000","237,200,000","225,600,000","217,100,000","207,500,000","194,900,000","143,800,000","137,800,000","132,400,000","91,700,000","87,500,000","83,700,000","78,500,000","60,300,000","49,000,000","38,500,000"
		CapitalStock,"7,000,000","7,000,000","7,000,000","7,000,000","7,000,000","7,000,000","7,000,000","7,000,000","6,200,000","6,200,000","17,600,000","17,600,000","17,600,000","17,600,000","17,600,000","17,625,000","17,625,000","17,625,000","17,625,000","17,625,000","17,625,000","17,625,000","17,625,000","17,625,000","17,625,000","17,625,000","17,625,000","17,625,000","17,625,000","17,625,000","17,625,000","17,625,000","17,625,000","17,625,000","17,625,000","17,625,000","17,625,000","17,625,000","17,625,000","17,625,000","17,625,000","17,625,000","17,625,000","17,625,000","17,625,000","17,625,000","17,625,000","17,625,000","17,625,000","17,625,000","17,625,000","17,625,000","17,625,000","17,625,000","17,625,000","17,625,000","17,625,000","17,625,000","17,625,000","17,625,000","17,625,000","17,625,000","11,750,000","11,750,000","11,750,000","11,750,000","11,750,000","11,750,000","11,750,000","11,750,000","11,750,000","11,750,000","11,750,000","11,750,000","11,750,000","11,750,000","11,750,000","11,750,000","11,750,000","11,750,000","11,750,000","11,750,000","11,750,000","11,750,000","11,752,000","11,754,000","7,836,000","7,836,000","7,836,000","7,800,000","7,800,000","7,800,000",,,,,,,,,,,,,,,,,,,,,,,,,,,,,,,,,,,,,,,,,,,
			CommonStock,"7,000,000","7,000,000","7,000,000","7,000,000","7,000,000","7,000,000","7,000,000","7,000,000","6,200,000","6,200,000","17,600,000","17,600,000","17,600,000","17,600,000","17,600,000","17,625,000","17,625,000","17,625,000","17,625,000","17,625,000","17,625,000","17,625,000","17,625,000","17,625,000","17,625,000","17,625,000","17,625,000","17,625,000","17,625,000","17,625,000","17,625,000","17,625,000","17,625,000","17,625,000","17,625,000","17,625,000","17,625,000","17,625,000","17,625,000","17,625,000","17,625,000","17,625,000","17,625,000","17,625,000","17,625,000","17,625,000","17,625,000","17,625,000","17,625,000","17,625,000","17,625,000","17,625,000","17,625,000","17,625,000","17,625,000","17,625,000","17,625,000","17,625,000","17,625,000","17,625,000","17,625,000","17,625,000","11,750,000","11,750,000","11,750,000","11,750,000","11,750,000","11,750,000","11,750,000","11,750,000","11,750,000","11,750,000","11,750,000","11,750,000","11,750,000","11,750,000","11,750,000","11,750,000","11,750,000","11,750,000","11,750,000","11,750,000","11,750,000","11,750,000","11,752,000","11,754,000","7,836,000","7,836,000","7,836,000","7,800,000","7,800,000","7,800,000",,,,,,,,,,,,,,,,,,,,,,,,,,,,,,,,,,,,,,,,,,,
		AdditionalPaidInCapital,"687,800,000","683,700,000","679,400,000","685,400,000","677,400,000","667,400,000","663,200,000","669,400,000","526,100,000","527,300,000","525,100,000","522,000,000","519,100,000","514,200,000","503,900,000","511,604,000","509,479,000","505,053,000","503,058,000","502,074,000","501,167,000","458,255,000","434,097,000","495,110,000","492,524,000","488,229,000","485,147,000","490,111,000","488,338,000","480,625,000","477,274,000","484,320,000","480,040,000","472,628,000","469,156,000","477,420,000","472,890,000","468,707,000","467,239,000","466,781,000","461,351,000","458,034,000","457,935,000","463,688,000","464,580,000","463,077,000","463,916,000","465,721,000","465,617,000","461,604,000","458,378,000","463,980,000","463,640,000","460,389,000","456,373,000","464,666,000","459,448,000","455,035,000","450,332,000","450,665,000","432,391,000","426,875,000","418,776,000","406,626,000","392,926,000","384,755,000","372,172,000","369,813,000","355,205,000","353,465,000","233,424,000","357,444,000","348,635,000","344,488,000","343,529,000","344,486,000","330,852,000","332,397,000","332,111,000","330,191,000","311,510,000","313,754,000","315,363,000","314,867,000","295,292,000","295,472,000","297,614,000","298,172,000","288,960,000","290,500,000","285,600,000","285,400,000",,,,,,,,,,,,,,,,,,,,,,,,,,,,,,,,,,,,,,,,,,,
		RetainedEarnings,"-188,700,000","-225,300,000","-252,900,000","-266,100,000","-340,900,000","-374,800,000","-386,800,000","-397,500,000","-347,900,000","-364,700,000","2,967,400,000","2,771,200,000","2,739,100,000","2,704,000,000","2,686,500,000","2,683,033,000","2,655,387,000","2,625,638,000","2,618,182,000","2,627,073,000","2,605,637,000","2,579,905,000","2,562,444,000","2,558,193,000","2,513,801,000","2,474,441,000","2,445,602,000","2,431,683,000","2,391,810,000","2,344,026,000","2,320,687,000","2,306,532,000","2,293,639,000","2,253,854,000","2,230,505,000","2,217,623,000","2,185,130,000","2,147,913,000","2,125,357,000","2,112,858,000","2,078,553,000","2,045,981,000","2,023,511,000","2,013,189,000","1,983,044,000","1,955,554,000","1,930,725,000","1,923,561,000","1,859,553,000","1,845,684,000","1,838,768,000","1,834,307,000","1,803,496,000","1,780,108,000","1,812,885,000","1,800,300,000","1,813,070,000","1,863,194,000","1,820,097,000","1,791,311,000","1,718,375,000","1,674,894,000","1,647,909,000","1,608,661,000","1,544,072,000","1,487,846,000","1,445,016,000","1,421,866,000","1,372,103,000","1,316,959,000","1,292,017,000","1,277,298,000","1,212,781,000","1,212,043,000","1,167,932,000","1,123,337,000","1,083,090,000","1,036,930,000","999,705,000","954,701,000","910,428,000","876,258,000","841,622,000","801,988,000","759,111,000","724,248,000","695,952,000","660,758,000","624,048,000","595,400,000","570,000,000","542,900,000","524,300,000","503,100,000","484,900,000","464,100,000","441,000,000","424,900,000","411,500,000","395,000,000","375,900,000","362,500,000","350,900,000","334,500,000","316,000,000","302,100,000","315,700,000","300,100,000","280,200,000","262,000,000","245,900,000","228,000,000","211,100,000","196,900,000","181,900,000","167,500,000","152,800,000","141,500,000","130,800,000","120,000,000","109,500,000","100,200,000","92,700,000","85,200,000","76,800,000","71,000,000","65,700,000","59,700,000","54,100,000","50,400,000","46,500,000","41,800,000","27,200,000","18,400,000","12,100,000"
		TreasuryStock,"812,500,000","787,600,000","753,900,000","724,900,000","729,000,000","738,300,000","742,600,000","751,800,000","752,400,000","732,000,000","4,089,400,000","4,083,400,000","4,084,100,000","4,084,900,000","4,018,400,000","3,924,735,000","3,785,588,000","3,695,974,000","3,667,509,000","3,628,532,000","3,610,124,000","3,572,632,000","3,553,156,000","3,272,433,000","3,255,688,000","3,133,332,000","3,045,079,000","3,009,249,000","2,921,779,000","2,832,059,000","2,775,658,000","2,744,443,000","2,701,336,000","2,620,614,000","2,597,296,000","2,563,311,000","2,430,436,000","2,381,262,000","2,342,132,000","2,287,391,000","2,223,815,000","2,152,945,000","2,120,337,000","2,055,592,000","1,999,559,000","1,908,699,000","1,766,380,000","1,678,159,000","1,660,083,000","1,660,510,000","1,661,121,000","1,668,988,000","1,674,402,000","1,675,462,000","1,675,516,000","1,687,334,000","1,690,415,000","1,690,865,000","1,591,663,000","1,454,475,000","1,115,745,000","1,032,861,000","981,880,000","951,978,000","901,282,000","847,229,000","832,041,000","703,847,000","713,310,000","755,620,000","652,409,000","619,806,000","409,013,000","414,537,000","381,899,000","337,946,000","345,402,000","342,609,000","337,107,000","317,674,000","293,969,000","294,850,000","261,366,000","225,334,000","211,411,000","211,789,000","219,959,000","201,531,000","203,920,000","201,000,000","189,000,000","174,700,000",,,,,,,,,,,,,,,,,,,,,,,,,,,,,,,,,,,,,,,,,,,
		GainsLossesNotAffectingRetainedEarnings,"-4,800,000","-5,200,000","-5,100,000","-4,700,000","-5,100,000","-5,400,000","-5,900,000","-6,200,000","-6,700,000","-5,700,000","-5,800,000","-5,600,000","-5,900,000","-6,100,000","-5,500,000","-5,836,000","-5,445,000","-5,202,000","-10,384,000","-11,921,000","-13,005,000","-13,739,000","-12,075,000","-11,594,000","-11,924,000","-11,895,000","-11,435,000","-8,630,000","-8,123,000","-5,276,000","-1,747,000","-940,000","-1,862,000",,,,,,,,,,,,,,,,,,,"0","-2,866,000","-2,616,000","-769,000","-168,000","-92,000","-100,000","-41,000","-37,000","916,000","826,000","699,000","773,000","767,000","734,000","769,000","700,000","-368,000","-833,000","-1,244,000","-613,000","-1,083,000","-1,587,000","-1,980,000","-1,377,000","-1,711,000","-2,731,000","-3,239,000","-1,872,000","-2,278,000","-2,709,000","-3,669,000","-2,984,000","-3,330,000","-2,903,000","-3,382,000","-3,027,000","-3,615,000","-4,200,000",,,,,,,,,,,,,,,,,,,,,,,,,,,,,,,,,,,,,,,,,,,,,
		OtherEquityInterest,,,,,,,,,,,,,,,,,,,,,,,,,,,,,,,,,,,,,,,,,,,,,,,,,,,,,,,,,,,,,,,,,,,,,,,,,,,,,,,,,,,,,,,,,,"100,000",,,"127,700,000","123,500,000","120,900,000","129,600,000","134,400,000","130,400,000","129,500,000","128,700,000","154,800,000","276,800,000","274,300,000","273,700,000","266,500,000","264,600,000","264,400,000","196,700,000","193,700,000","193,000,000","192,900,000","189,300,000","174,500,000","169,800,000","167,900,000","167,200,000","165,000,000","163,000,000","136,000,000","134,100,000","127,700,000","125,400,000","124,400,000","122,300,000","118,100,000","72,800,000","72,100,000","72,700,000","37,600,000","37,100,000","37,200,000","36,700,000","33,100,000","30,600,000","26,400,000"
TotalCapitalization,"600,700,000","623,800,000","572,800,000","614,600,000","547,200,000","608,300,000","693,200,000","729,400,000","770,700,000","646,500,000","655,100,000","428,400,000","405,100,000","408,700,000","337,100,000","781,315,000","753,163,000","812,395,000","814,631,000","826,148,000","826,904,000","885,626,000","890,914,000","900,850,000","930,998,000","991,561,000","1,017,270,000","892,365,000","901,078,000","906,182,000","903,453,000","895,396,000","905,365,000","929,708,000","933,258,000","929,478,000","922,518,000","937,154,000","939,120,000","897,763,000","888,401,000","930,177,000","947,012,000","941,482,000","973,748,000","1,041,101,000","1,164,914,000","1,253,259,000","1,021,074,000","1,003,033,000","1,380,640,000","1,374,371,000","1,386,039,000","1,328,267,000","1,504,693,000","1,496,693,000","1,510,496,000","1,529,303,000","1,649,345,000","1,632,007,000","1,646,942,000","1,574,746,000","1,602,114,000","1,576,347,000","1,485,380,000","1,527,542,000","1,504,490,000","1,506,787,000","1,462,095,000","1,543,115,000","1,523,857,000","1,665,364,000","1,518,657,000","1,506,572,000","1,494,077,000","1,494,035,000","1,473,927,000","1,436,493,000","1,442,466,000","1,403,775,000","1,402,410,000","1,279,661,000","1,168,506,000","1,131,316,000","986,920,000","947,302,000","884,185,000","872,531,000","879,315,000","901,600,000","866,000,000","844,600,000","839,500,000","814,200,000","763,500,000","741,000,000","737,600,000","727,600,000","806,700,000","811,200,000","633,300,000","741,900,000","727,900,000","711,000,000","685,300,000","669,500,000","683,100,000","599,900,000","478,300,000","459,500,000","443,800,000","423,000,000","389,200,000","370,400,000","353,500,000","338,500,000","321,700,000","308,400,000","270,800,000","258,300,000","241,800,000","230,300,000","221,800,000","212,300,000","199,700,000","159,000,000","152,600,000","144,600,000","138,400,000","138,700,000","131,000,000","118,800,000","103,400,000","92,300,000","49,200,000"
CommonStockEquity,"-311,200,000","-327,400,000","-325,500,000","-303,300,000","-390,600,000","-444,100,000","-465,100,000","-479,100,000","-574,700,000","-568,900,000","-585,100,000","-778,200,000","-814,200,000","-855,200,000","-815,900,000","-718,309,000","-608,542,000","-552,860,000","-539,028,000","-493,681,000","-498,700,000","-530,586,000","-551,065,000","-213,099,000","-243,662,000","-164,932,000","-108,140,000","-78,460,000","-32,129,000","4,941,000","38,181,000","63,094,000","88,106,000","123,493,000","119,990,000","149,357,000","245,209,000","252,983,000","268,089,000","309,873,000","333,714,000","368,695,000","378,734,000","438,910,000","465,690,000","527,557,000","645,886,000","728,748,000","682,712,000","664,403,000","653,650,000","646,924,000","607,493,000","580,044,000","610,598,000","595,089,000","599,636,000","644,889,000","696,350,000","805,089,000","1,053,562,000","1,087,359,000","1,097,254,000","1,075,832,000","1,048,233,000","1,037,856,000","997,666,000","1,100,282,000","1,025,380,000","925,721,000","883,538,000","1,026,073,000","1,163,070,000","1,152,157,000","1,139,332,000","1,140,250,000","1,078,579,000","1,035,737,000","1,003,220,000","977,096,000","937,441,000","904,203,000","903,700,000","900,287,000","851,414,000","816,782,000","778,061,000","762,208,000","713,309,000","688,600,000","674,400,000","661,400,000","652,000,000","626,600,000","605,800,000","593,700,000","575,400,000","555,300,000","541,000,000","523,700,000","530,700,000","639,300,000","625,200,000","608,200,000","582,500,000","566,700,000","580,100,000","496,800,000","473,900,000","455,000,000","438,800,000","417,300,000","385,600,000","366,700,000","349,800,000","334,700,000","317,800,000","304,500,000","266,800,000","254,100,000","237,200,000","225,600,000","217,100,000","207,500,000","194,900,000","143,800,000","137,800,000","132,400,000","91,700,000","87,500,000","83,700,000","78,500,000","60,300,000","49,000,000","38,500,000"
CapitalLeaseObligations,"1,353,900,000","1,319,700,000","1,271,300,000","1,125,900,000","1,237,900,000","1,250,700,000","1,180,700,000","1,191,100,000","1,371,400,000","1,377,300,000","1,392,100,000",,,,,,,,,,,,,,,,,,,,,,,,,,,,,,,,,,,,,,,,,,,,,,,,,,,,,,,,,,,,,,,,,,,,,,,,,,,,,,,,,,,,,,,,,,,,,,,,,,,,,,,,,,,,,,,,,,,,,,,,,,,,
NetTangibleAssets,"-534,800,000","-551,500,000","-538,900,000","-512,600,000","-600,200,000","-654,100,000","-675,300,000","-689,700,000","-785,700,000","-782,300,000","-799,100,000","-966,000,000","-1,000,700,000","-1,041,900,000","-1,003,500,000","-906,094,000","-797,297,000","-742,146,000","-729,109,000","-685,146,000","-690,474,000","-722,589,000","-744,690,000","-407,331,000","-438,507,000","-356,354,000","-300,298,000","-227,483,000","-181,672,000","-145,469,000","-113,362,000","-89,181,000","-45,057,000","-10,009,000","-13,270,000","7,254,000","119,605,000","127,379,000","142,485,000","184,269,000","209,625,000","244,606,000","254,645,000","314,821,000","341,601,000","403,468,000","521,797,000","604,659,000","558,622,000","534,526,000","522,931,000","516,205,000","469,652,000","442,137,000","470,767,000","454,718,000","460,496,000","505,825,000","557,391,000","666,213,000","910,874,000","941,719,000","951,907,000","930,353,000","903,040,000","892,344,000","872,917,000","964,528,000","889,626,000","789,700,000","747,517,000","868,005,000","1,005,002,000","967,089,000","954,264,000","955,182,000","884,680,000","841,838,000","809,321,000","783,197,000","743,542,000","710,304,000","762,620,000","762,160,000","735,959,000","746,263,000","707,054,000","690,647,000","641,195,000","615,500,000","600,800,000","587,200,000","577,300,000","551,400,000","530,000,000","517,400,000","498,500,000","477,900,000","463,300,000","445,400,000","451,700,000","559,700,000","552,400,000","534,900,000","508,800,000","492,700,000","505,600,000","496,800,000","473,900,000","455,000,000","438,800,000","417,300,000","385,600,000","366,700,000","349,800,000","334,700,000","317,800,000","304,500,000","266,800,000","254,100,000","237,200,000","225,600,000","217,100,000","207,500,000","194,900,000","143,800,000","137,800,000","132,400,000","91,700,000","87,500,000","83,700,000","78,500,000","60,300,000","49,000,000","38,500,000"
WorkingCapital,"-395,100,000","-348,800,000","-329,900,000","-364,400,000","-325,400,000","-254,500,000","-269,900,000","-273,500,000","-204,700,000","-328,100,000","-342,700,000","-244,600,000","-284,900,000","-292,000,000","-356,600,000","-278,056,000","-304,978,000","-257,402,000","-273,486,000","-292,036,000","-289,071,000","-245,536,000","-251,168,000","-255,669,000","-225,567,000","-195,072,000","-200,956,000","-228,758,000","-216,595,000","-225,656,000","-239,790,000","-255,256,000","-221,138,000","-181,814,000","-177,217,000","-191,620,000","-175,738,000","-168,780,000","-165,997,000","-206,903,000","-208,647,000","-169,407,000","-168,334,000","-184,241,000","-151,167,000","-107,339,000","-13,011,000","51,190,000","-172,295,000","-368,431,000","-6,099,000","-39,667,000","-125,911,000","-207,432,000","-40,005,000","-71,448,000","-24,669,000","-26,345,000","140,535,000","-160,901,000","-172,940,000","-323,200,000","-258,114,000","-255,065,000","-290,326,000","-206,270,000","-168,935,000","-179,738,000","-169,528,000","-67,007,000","-95,297,000","21,758,000","-120,986,000","-157,096,000","-160,652,000","-143,744,000","-171,161,000","-185,101,000","-156,456,000","-160,266,000","-146,530,000","-114,170,000","-104,601,000","-104,286,000","-137,178,000","-118,391,000","-129,565,000","-127,377,000","-117,447,000","-79,000,000","-90,300,000","-86,900,000","-84,000,000","-89,700,000","-103,500,000","-92,600,000","-66,200,000","-43,300,000","-56,500,000","-43,300,000","-194,100,000","-114,100,000","-71,500,000","-50,000,000","-45,700,000","7,100,000","-36,400,000","-2,400,000","-78,100,000","-60,200,000","-61,600,000","-56,200,000","-62,100,000","-57,000,000","-53,400,000","-44,000,000","-39,200,000","-25,800,000","-39,800,000","-31,300,000","-23,900,000","-16,300,000","-5,600,000","2,200,000","11,200,000","-19,700,000","-19,000,000","-18,400,000","-19,600,000","-9,200,000","-9,800,000","-5,800,000","4,600,000","25,700,000","2,400,000"
InvestedCapital,"600,700,000","623,800,000","572,800,000","614,600,000","547,200,000","608,300,000","693,200,000","729,400,000","770,700,000","646,500,000","655,100,000","438,100,000","413,000,000","416,800,000","344,500,000","788,403,000","760,464,000","820,660,000","823,646,000","835,797,000","830,764,000","889,441,000","894,762,000","904,413,000","934,603,000","995,166,000","1,020,791,000","895,804,000","904,193,000","934,218,000","931,412,000","923,280,000","933,175,000","957,445,000","960,824,000","957,074,000","950,046,000","964,616,000","966,517,000","925,097,000","915,673,000","957,388,000","967,912,000","963,573,000","995,781,000","1,063,077,000","1,186,834,000","1,270,125,000","1,272,886,000","1,254,946,000","1,382,499,000","1,376,186,000","1,387,793,000","1,419,970,000","1,506,721,000","1,498,666,000","1,512,414,000","1,531,168,000","1,651,157,000","1,633,768,000","1,649,172,000","1,576,946,000","1,604,289,000","1,578,544,000","1,487,617,000","1,529,812,000","1,506,314,000","1,508,592,000","1,478,078,000","1,559,183,000","1,541,988,000","1,683,463,000","1,536,252,000","1,524,228,000","1,511,779,000","1,511,664,000","1,491,532,000","1,453,985,000","1,459,800,000","1,421,067,000","1,418,861,000","1,297,296,000","1,186,141,000","1,148,951,000","1,001,555,000","961,937,000","898,820,000","887,166,000","893,950,000","916,200,000","880,600,000","859,200,000","854,100,000","828,800,000","778,100,000","755,600,000","737,900,000","727,900,000","807,000,000","811,500,000","816,000,000","809,200,000","753,200,000","726,300,000","700,700,000","669,900,000","683,500,000","601,500,000","509,300,000","471,900,000","455,300,000","423,500,000","394,500,000","373,500,000","358,500,000","338,800,000","330,400,000","311,600,000","271,000,000","258,400,000","241,900,000","230,400,000","221,900,000","212,400,000","199,800,000","164,200,000","162,000,000","153,600,000","138,500,000","138,900,000","131,200,000","119,000,000","103,700,000","92,600,000","49,600,000"
TangibleBookValue,"-534,800,000","-551,500,000","-538,900,000","-512,600,000","-600,200,000","-654,100,000","-675,300,000","-689,700,000","-785,700,000","-782,300,000","-799,100,000","-966,000,000","-1,000,700,000","-1,041,900,000","-1,003,500,000","-906,094,000","-797,297,000","-742,146,000","-729,109,000","-685,146,000","-690,474,000","-722,589,000","-744,690,000","-407,331,000","-438,507,000","-356,354,000","-300,298,000","-227,483,000","-181,672,000","-145,469,000","-113,362,000","-89,181,000","-45,057,000","-10,009,000","-13,270,000","7,254,000","119,605,000","127,379,000","142,485,000","184,269,000","209,625,000","244,606,000","254,645,000","314,821,000","341,601,000","403,468,000","521,797,000","604,659,000","558,622,000","534,526,000","522,931,000","516,205,000","469,652,000","442,137,000","470,767,000","454,718,000","460,496,000","505,825,000","557,391,000","666,213,000","910,874,000","941,719,000","951,907,000","930,353,000","903,040,000","892,344,000","872,917,000","964,528,000","889,626,000","789,700,000","747,517,000","868,005,000","1,005,002,000","967,089,000","954,264,000","955,182,000","884,680,000","841,838,000","809,321,000","783,197,000","743,542,000","710,304,000","762,620,000","762,160,000","735,959,000","746,263,000","707,054,000","690,647,000","641,195,000","615,500,000","600,800,000","587,200,000","577,300,000","551,400,000","530,000,000","517,400,000","498,500,000","477,900,000","463,300,000","445,400,000","451,700,000","559,700,000","552,400,000","534,900,000","508,800,000","492,700,000","505,600,000","496,800,000","473,900,000","455,000,000","438,800,000","417,300,000","385,600,000","366,700,000","349,800,000","334,700,000","317,800,000","304,500,000","266,800,000","254,100,000","237,200,000","225,600,000","217,100,000","207,500,000","194,900,000","143,800,000","137,800,000","132,400,000","91,700,000","87,500,000","83,700,000","78,500,000","60,300,000","49,000,000","38,500,000"
TotalDebt,"2,265,800,000","2,270,900,000","2,169,600,000","2,043,800,000","2,175,700,000","2,303,100,000","2,339,000,000","2,399,600,000","2,716,800,000","2,592,700,000","2,632,300,000","1,216,300,000","1,227,200,000","1,272,000,000","1,160,400,000","1,506,712,000","1,369,006,000","1,373,520,000","1,362,674,000","1,329,478,000","1,329,464,000","1,420,027,000","1,445,827,000","1,117,512,000","1,178,265,000","1,160,098,000","1,128,931,000","974,264,000","936,322,000","929,277,000","893,231,000","860,186,000","845,069,000","833,952,000","840,834,000","807,717,000","704,837,000","711,633,000","698,428,000","615,224,000","581,959,000","588,693,000","589,178,000","524,663,000","530,091,000","535,520,000","540,948,000","541,377,000","590,174,000","590,543,000","728,849,000","729,262,000","780,300,000","839,926,000","896,123,000","903,577,000","912,778,000","886,279,000","954,807,000","828,679,000","595,610,000","489,587,000","507,035,000","502,712,000","439,384,000","491,956,000","508,648,000","408,310,000","452,698,000","633,462,000","658,450,000","657,390,000","373,182,000","372,071,000","372,447,000","371,414,000","412,953,000","418,248,000","456,580,000","443,971,000","481,420,000","393,093,000","282,441,000","248,664,000","150,141,000","145,155,000","120,759,000","124,958,000","180,641,000","227,600,000","206,200,000","197,800,000","202,100,000","202,200,000","172,300,000","161,900,000","162,500,000","172,600,000","266,000,000","287,800,000","285,300,000","169,900,000","128,000,000","118,100,000","118,200,000","103,200,000","103,400,000","104,700,000","35,400,000","16,900,000","16,500,000","6,200,000","8,900,000","6,800,000","8,700,000","4,100,000","12,600,000","7,100,000","4,200,000","4,300,000","4,700,000","4,800,000","4,800,000","4,900,000","4,900,000","20,400,000","24,200,000","21,200,000","46,800,000","51,400,000","47,500,000","40,500,000","43,400,000","43,600,000","11,100,000"
NetDebt,"899,000,000","935,600,000","867,100,000","894,000,000","874,200,000","988,300,000","1,099,500,000","1,164,600,000","1,178,200,000","1,203,400,000","1,211,200,000","1,202,900,000","1,215,000,000","1,255,800,000","1,149,400,000","1,495,840,000","1,355,606,000","1,358,787,000","1,353,720,000","1,320,414,000","1,320,421,000","1,385,969,000","1,411,672,000","1,086,066,000","1,109,280,000","1,088,810,000","1,062,904,000","919,143,000","872,779,000","850,868,000","829,540,000","802,501,000","780,460,000","771,297,000","785,230,000","748,350,000","619,145,000","618,528,000","634,118,000","556,121,000","509,211,000","513,083,000","525,070,000","442,675,000","423,142,000","421,055,000","325,879,000","196,753,000","408,248,000","480,232,000","595,015,000","635,106,000","713,573,000","766,651,000","838,801,000","848,863,000","822,999,000","804,104,000","875,864,000","743,442,000","521,201,000","422,955,000","447,384,000","447,097,000","385,443,000","432,060,000","464,651,000","366,057,000","404,121,000","513,352,000","607,732,000","430,628,000","278,451,000","328,876,000","357,884,000","337,922,000","403,758,000","398,125,000","445,588,000","433,880,000","458,293,000","352,336,000","268,520,000","235,352,000","135,060,000","109,486,000","108,445,000","112,615,000","170,654,000","206,300,000","188,500,000","185,200,000","185,400,000","179,600,000","116,000,000","130,800,000","134,300,000","147,900,000","252,400,000","264,600,000","274,100,000","150,300,000","108,100,000","91,000,000","90,900,000","58,700,000","86,900,000","65,900,000","34,300,000","15,800,000","15,400,000","2,600,000","6,000,000","2,400,000","3,700,000",,"5,700,000","2,200,000","2,000,000",,,,,,,"18,200,000","21,300,000","14,100,000","45,500,000","48,800,000","43,800,000","36,400,000","36,100,000","16,500,000","8,500,000"
ShareIssued,"70,300,000","70,300,000","70,300,000","70,300,000","70,300,000","70,300,000","70,300,000","70,300,000","62,200,000","62,200,000","176,200,000","176,200,000","176,200,000","176,200,000","176,219,847","176,246,649","176,246,649","176,246,649","176,246,649","176,246,649","176,246,649","176,246,649","176,246,649","176,246,649","176,246,649","176,246,649","176,246,649","176,246,649","176,246,649","176,246,649","176,246,649","176,246,649","176,246,649","176,246,649","176,246,649","176,246,649","176,246,649","176,246,649","176,246,649","176,246,649","176,246,649","176,246,649","176,246,649","176,246,649","176,246,649","176,246,649","176,246,649","176,246,649","176,246,649","176,246,649","176,246,649","176,246,649","176,201,066","176,244,197","176,246,649","176,246,666","101,179,844","101,166,942","105,243,779","105,149,956","113,484,390","122,809,973","124,112,818","125,309,470","127,300,833","128,724,105","129,058,381","133,774,206","133,083,289","130,525,812","135,971,617","135,971,617","144,564,648","143,633,367","145,033,390","146,782,428","145,653,319","145,434,618","145,298,865","146,160,586","147,027,805","145,834,188","147,318,387","149,264,182","149,644,585","148,981,153","147,333,879","148,199,690","146,792,250","146,587,500","147,197,250","148,272,750","149,706,000","148,347,000","147,525,750","148,333,500","149,157,000","147,735,000","147,161,250","146,776,500","151,809,750","174,672,000","173,900,250","173,826,000","172,863,000","172,390,500","172,273,500","162,166,500","161,867,250","161,622,000","161,250,750","159,657,802","156,360,351","155,447,763","154,420,541","154,195,766","153,436,025","153,146,066","147,203,010","145,948,765","145,528,435","144,348,366","144,175,289","143,478,486","142,107,357","130,142,574","129,479,489","129,315,402","114,606,115","114,109,363","112,227,994","112,021,201","100,654,321","98,334,640","88,923,304"
OrdinarySharesNumber,"43,800,000","44,600,000","45,400,000","45,900,000","45,700,000","45,400,000","45,300,000","45,000,000","36,900,000","37,400,000","37,400,000","37,500,000","37,500,000","37,400,000","38,819,847","40,797,919","43,843,747","46,339,290","47,233,919","48,440,721","48,914,360","49,675,092","50,136,232","55,420,656","55,761,731","58,255,713","60,131,396","60,585,608","62,035,497","63,194,877","64,203,210","64,558,909","65,302,505","66,492,495","66,944,050","67,444,099","70,586,927","71,893,411","73,117,489","74,342,115","76,331,141","78,854,603","80,206,013","82,938,493","85,161,170","88,877,156","96,458,309","101,571,588","102,503,189","102,490,861","102,463,640","102,124,842","101,838,701","101,838,701","101,838,701","101,316,478","101,179,844","101,166,942","105,243,779","105,149,956","113,484,390","122,809,973","124,112,818","125,309,470","127,300,833","128,724,105","129,058,381","133,774,206","133,083,289","130,525,812","135,971,617","135,971,617","144,564,648","143,633,367","145,033,390","146,782,428","145,653,319","145,434,618","145,298,865","146,160,586","147,027,805","145,834,188","147,318,387","149,264,182","149,644,585","148,981,153","147,333,879","148,199,690","146,792,250","146,587,500","147,197,250","148,272,750","149,706,000","148,347,000","147,525,750","148,333,500","149,157,000","147,735,000","147,161,250","146,776,500","151,809,750","174,672,000","173,900,250","173,826,000","172,863,000","172,390,500","172,273,500","162,166,500","161,867,250","161,622,000","161,250,750","159,657,802","156,360,351","155,447,763","154,420,541","154,195,766","153,436,025","153,146,066","147,203,010","145,948,765","145,528,435","144,348,366","144,175,289","143,478,486","142,107,357","130,142,574","129,479,489","129,315,402","114,606,115","114,109,363","112,227,994","112,021,201","100,654,321","98,334,640","88,923,304"
TreasurySharesNumber,"26,500,000","25,700,000","24,900,000","24,400,000","24,600,000","24,900,000","25,000,000","25,300,000","25,300,000","24,800,000","138,800,000","138,700,000","138,700,000","138,800,000","137,400,000","135,448,730","132,402,902","129,907,359","129,012,730","127,805,928","127,332,289","126,571,557","126,110,417","120,825,993","120,484,918","117,990,936","116,115,253","115,661,041","114,211,152","113,051,772","112,043,439","111,687,740","110,944,144","109,754,154","109,302,599","108,802,550","105,659,722","104,353,238","103,129,160","101,904,534","99,915,508","97,392,046","96,040,636","93,308,156","91,085,479","87,369,493","79,788,340","74,675,061","73,743,460","73,755,788","73,783,009","74,121,807","74,362,365","74,405,496","74,407,948","74,930,188",,,,,,,,,,,,,,,,,,,,,,,,,,,,,,,,,,,,,,,,,,,,,,,,,,,,,,,,,,,,,,,,,,,,,,,,,,,,,,,