name,ttm,03/31/2022,12/31/2021,09/30/2021,06/30/2021,03/31/2021,12/31/2020,09/30/2020,06/30/2020,03/31/2020,12/31/2019,09/30/2019,06/30/2019,03/31/2019,12/31/2018,09/30/2018,06/30/2018,03/31/2018,12/31/2017,09/30/2017,06/30/2017,03/31/2017,12/31/2016,09/30/2016,06/30/2016,03/31/2016,12/31/2015,09/30/2015,06/30/2015,03/31/2015
OperatingCashFlow,"437,649,000","121,929,000","105,161,000","106,933,000","103,626,000","91,322,000","73,513,000","73,874,000","72,904,000","59,683,000","59,257,000","47,808,000","37,488,000","33,804,000","25,574,000","27,983,000","28,986,000","21,437,000","12,851,000","23,765,000","25,335,000","15,447,000","17,138,000","20,123,000","20,311,000","16,169,000","20,294,000","23,884,000","19,266,000","15,258,000"
	CashFlowFromContinuingOperatingActivities,,,,,,,,,,,,,,,,,,,"12,851,000","23,765,000","25,335,000","15,447,000","17,138,000","20,123,000","20,311,000","16,169,000","20,294,000","23,884,000","19,266,000","15,258,000"
InvestingCashFlow,"-453,941,000","-135,710,000","-71,874,000","-142,647,000","-103,710,000","-33,724,000","-77,047,000","-120,779,000","-68,059,000","-113,548,000","-49,659,000","-116,195,000","-60,019,000","-4,920,000","-13,998,000","-42,366,000","-4,579,000","-45,597,000","-26,635,000","-20,218,000","-6,203,000","10,624,000","-41,571,000","-7,852,000","-24,021,000","-14,700,000","-25,962,000","-14,747,000","-25,230,000","-14,108,000"
	CashFlowFromContinuingInvestingActivities,"-453,941,000","-135,710,000","-71,874,000","-142,647,000","-103,710,000","-33,724,000","-77,047,000","-120,779,000","-68,059,000","-113,548,000","-49,659,000","-116,195,000","-60,019,000","-4,920,000","-13,998,000","-42,366,000","-4,579,000","-45,597,000","-26,635,000","-20,218,000","-6,203,000","10,624,000","-41,571,000","-7,852,000","-24,021,000","-14,700,000","-25,962,000","-14,747,000","-25,230,000","-14,108,000"
		NetPPEPurchaseAndSale,"-5,341,000","-703,000","-1,150,000","-1,824,000","-1,664,000","-1,282,000","-3,709,000","-8,975,000","-10,849,000","-4,265,000","-7,216,000","-6,407,000","-2,074,000","-3,925,000","-651,000","-164,000","-364,000","-94,000","-76,000","-41,000","-31,000","-31,000","-189,000","-140,000","-114,000","-122,000","-55,000","-84,000","-41,000","-51,000"
			PurchaseOfPPE,"-5,341,000","-703,000","-1,150,000","-1,824,000","-1,664,000","-1,282,000","-3,787,000","-8,975,000","-10,849,000","-9,264,000","-7,216,000","-6,407,000","-2,074,000","-3,925,000","-651,000","-164,000","-364,000","-94,000","-76,000","-41,000","-31,000","-31,000","-189,000","-140,000","-114,000","-122,000","-55,000","-84,000","-41,000","-51,000"
			SaleOfPPE,,,"0","0","0","0","78,000","0","0","4,999,000",,,,,,,,,,,,,,,,,,,,
		NetInvestmentPurchaseAndSale,"-448,600,000","-135,007,000","-70,724,000","-140,823,000","-102,046,000","-32,442,000","-73,338,000","-111,804,000","-57,210,000","-109,283,000","-42,443,000","-109,788,000","-57,945,000","-995,000","-13,347,000","-42,202,000","-4,215,000","-45,503,000","-26,559,000","-20,177,000","-6,172,000","10,655,000","-41,382,000","-7,712,000","-23,907,000","-14,578,000","-25,907,000","-14,663,000","-25,189,000","-14,057,000"
			PurchaseOfInvestment,"-799,320,000","-227,823,000","-159,072,000","-197,282,000","-215,143,000","-108,292,000","-144,011,000","-160,446,000","-102,691,000","-160,406,000","-69,616,000","-147,525,000","-74,078,000","-44,871,000","-28,029,000","-62,394,000","-31,467,000","-85,755,000","-52,187,000","-49,058,000","-32,682,000","-9,261,000","-59,790,000","-21,461,000","-36,956,000","-33,807,000","-40,300,000","-21,723,000","-38,267,000","-28,286,000"
			SaleOfInvestment,"350,720,000","92,816,000","88,348,000","56,459,000","113,097,000","75,850,000","70,673,000","48,642,000","45,481,000","51,123,000","27,173,000","37,737,000","16,133,000","43,876,000","14,682,000","20,192,000","27,252,000","40,252,000","25,628,000","28,881,000","26,510,000","19,916,000","18,408,000","13,749,000","13,049,000","19,229,000","14,393,000","7,060,000","13,078,000","14,229,000"
FinancingCashFlow,"-12,085,000","-3,101,000","-2,259,000","-2,279,000","-4,446,000","-2,156,000","1,931,000","62,625,000","5,577,000","6,011,000","4,502,000","76,564,000","-2,212,000","-1,099,000","-1,231,000","-543,000","-1,396,000","-928,000","-1,153,000","-293,000","-1,258,000","-1,267,000","-28,572,000","69,250,000","-34,000","-33,000","2,030,000","-46,000","-20,000","-33,000"
	CashFlowFromContinuingFinancingActivities,"-12,085,000","-3,101,000","-2,259,000","-2,279,000","-4,446,000","-2,156,000","1,931,000","62,625,000","5,577,000","6,011,000","4,502,000","76,564,000","-2,212,000","-1,099,000","-1,231,000","-543,000","-1,396,000","-928,000","-1,153,000","-293,000","-1,258,000","-1,267,000","-28,572,000","69,250,000","-34,000","-33,000","2,030,000","-46,000","-20,000","-33,000"
		NetIssuancePaymentsOfDebt,,,"0","0","0","0","2,400,000","7,000,000","9,000,000","7,300,000","5,500,000",,,,"0",,,,"0","0","0","-9,000","-27,523,000","-2,543,000","-34,000","-33,000","1,970,000","-46,000","-20,000","-33,000"
			NetLongTermDebtIssuance,,,,,,,"2,400,000","7,000,000","9,000,000","7,300,000","5,500,000",,,,,,,,"0","0","0","-9,000","-27,523,000","-2,543,000","-34,000","-33,000","1,970,000","-46,000","-20,000","-33,000"
				LongTermDebtIssuance,,,,,,,"2,400,000","7,000,000","9,000,000","7,300,000","5,500,000",,,,,,,,,,,,,,,,,,,
				LongTermDebtPayments,,,,,,,,,,,,,,,"0",,,,"0","0","0","-9,000","-27,523,000","-2,543,000","-34,000","-33,000","-30,000","-46,000","-20,000","-33,000"
			NetShortTermDebtIssuance,,,"0","0","0","0","2,400,000","7,000,000","9,000,000","7,300,000","5,500,000",,,,,,,,,,,,,,,,,,,
				ShortTermDebtIssuance,,,"0","0","0","0","2,400,000","7,000,000","9,000,000","7,300,000","5,500,000",,,,,,,,,,,,,,,,,,,
		NetCommonStockIssuance,,,"0",,,,"-3,000",,,,"0",,,,,,,,,,,,"0",,,,,,,
			CommonStockIssuance,,,"0",,,,"-3,000",,,,"0",,,,,,,,,,,,"0",,,,,,,
		CashDividendsPaid,"-10,489,000","-2,963,000","-2,500,000","-2,499,000","-2,527,000","-2,495,000","-2,037,000","-2,030,000","-2,015,000","-1,991,000","-1,766,000","-1,762,000","-1,705,000","-1,696,000","-1,481,000","-1,477,000","-1,475,000","-1,473,000","-1,262,000","-1,261,000","-1,258,000","-1,258,000","-1,049,000",,,,,,,
			CommonStockDividendPaid,,,,,,,"-2,037,000","-2,030,000","-2,015,000","-1,991,000","-1,766,000","-1,762,000","-1,705,000","-1,696,000","-1,481,000","-1,477,000","-1,475,000","-1,473,000","-1,262,000","-1,261,000","-1,258,000","-1,258,000","-1,049,000",,,,,,,
		ProceedsFromStockOptionExercised,"1,021,000","378,000","260,000","220,000","163,000","339,000","1,571,000","954,000","395,000","702,000","768,000","991,000","394,000","597,000","250,000","934,000","79,000","545,000","109,000",,,,,,,,,,,
		NetOtherFinancingCharges,,"-516,000","-19,000","0",,,"0","0",,,"0","-344,000",,,,,,,,,,,,,,,,,,
EndCashPosition,"104,158,000","104,158,000","121,040,000","90,012,000","128,005,000","132,535,000","77,093,000","78,696,000","62,976,000","52,554,000","100,408,000","86,308,000","78,131,000","102,874,000","75,089,000","64,744,000","79,670,000","56,659,000","81,747,000","96,684,000","93,430,000","75,556,000","50,752,000","103,757,000","22,236,000","25,980,000","24,544,000","28,182,000","19,091,000","25,075,000"
	ChangesInCash,"-28,377,000","-16,882,000","31,028,000","-37,993,000","-4,530,000","55,442,000","-1,603,000","15,720,000","10,422,000","-47,854,000","14,100,000","8,177,000","-24,743,000","27,785,000","10,345,000","-14,926,000","23,011,000","-25,088,000","-14,937,000","3,254,000","17,874,000","24,804,000","-53,005,000","81,521,000","-3,744,000","1,436,000","-3,638,000","9,091,000","-5,984,000","1,117,000"
	BeginningCashPosition,"132,535,000","121,040,000","90,012,000","128,005,000","132,535,000","77,093,000","78,696,000","62,976,000","52,554,000","100,408,000","86,308,000","78,131,000","102,874,000","75,089,000","64,744,000","79,670,000","56,659,000","81,747,000","96,684,000","93,430,000","75,556,000","50,752,000","103,757,000","22,236,000","25,980,000","24,544,000","28,182,000","19,091,000","25,075,000","23,958,000"
CapitalExpenditure,"-5,341,000","-703,000","-1,150,000","-1,824,000","-1,664,000","-1,282,000","-3,787,000","-8,975,000","-10,849,000","-9,264,000","-7,216,000","-6,407,000","-2,074,000","-3,925,000","-651,000","-164,000","-364,000","-94,000","-76,000","-41,000","-31,000","-31,000","-189,000","-140,000","-114,000","-122,000","-55,000","-84,000","-41,000","-51,000"
IssuanceOfCapitalStock,,,"0",,,,"-3,000",,,,"0",,,,,,,,,,,,"0",,,,,,,
IssuanceOfDebt,,,"0","0","0","0","2,400,000","7,000,000","9,000,000","7,300,000","5,500,000",,,,,,,,,,,,,,,,,,,
RepaymentOfDebt,,,,,,,,,,,,,,,"0",,,,"0","0","0","-9,000","-27,523,000","-2,543,000","-34,000","-33,000","-30,000","-46,000","-20,000","-33,000"
FreeCashFlow,"432,308,000","121,226,000","104,011,000","105,109,000","101,962,000","90,040,000","69,726,000","64,899,000","62,055,000","50,419,000","52,041,000","41,401,000","35,414,000","29,879,000","24,923,000","27,819,000","28,622,000","21,343,000","12,775,000","23,724,000","25,304,000","15,416,000","16,949,000","19,983,000","20,197,000","16,047,000","20,239,000","23,800,000","19,225,000","15,207,000"