name,ttm,03/31/2022,12/31/2021,09/30/2021,06/30/2021,03/31/2021,12/31/2020,09/30/2020,06/30/2020,03/31/2020,12/31/2019,09/30/2019
OperatingCashFlow,"-146,418,000","-40,295,000","-38,352,000","-37,260,000","-30,511,000","-22,823,000","-20,068,000","131,667,000","-11,412,000","-12,057,000","-10,801,000","-12,474,000"
	CashFlowFromContinuingOperatingActivities,"-146,418,000","-40,295,000","-38,352,000","-37,260,000","-30,511,000","-22,823,000","-20,068,000","131,667,000","-11,412,000","-12,057,000","-10,801,000","-12,474,000"
		NetIncomeFromContinuingOperations,"-123,826,000","-36,684,000","-33,900,000","-28,582,000","-24,660,000","-13,075,000","-12,685,000","-7,987,000","-13,989,000","-10,932,000","-11,513,000","-11,420,000"
		OperatingGainsLosses,,,"5,807,000",,,,,,,,,
			GainLossOnSaleOfPPE,,,"0",,,,,,,,,
		DepreciationAmortizationDepletion,"2,599,000","687,000","689,000","671,000","552,000","485,000","497,000","490,000","389,000","387,000","361,000","158,000"
			DepreciationAndAmortization,"2,599,000","687,000","689,000","671,000","552,000","485,000","497,000","490,000","389,000","387,000","361,000","158,000"
		AmortizationOfSecurities,,"1,175,000",,"1,660,000","1,232,000","1,279,000",,,,"0",,
		StockBasedCompensation,"29,673,000","7,873,000","8,678,000","7,396,000","5,726,000","3,172,000","1,827,000","2,328,000","664,000","371,000","297,000","234,000"
		OtherNonCashItems,,,,,,,"0","110,000","111,000","111,000","111,000","110,000"
		ChangeInWorkingCapital,"-60,585,000","-13,346,000","-15,455,000","-18,423,000","-13,361,000","-14,684,000","-11,278,000","136,726,000","1,413,000","-1,994,000","-57,000","-1,556,000"
			ChangeInReceivables,"471,000","-1,128,000","1,438,000","-669,000","830,000","-301,000","-856,000",,,"0","0",
			ChangeInPrepaidAssets,"-3,786,000","-586,000","-2,948,000","-977,000","725,000","-816,000","-2,376,000","742,000","-705,000","-1,477,000","-180,000","-550,000"
			ChangeInPayablesAndAccruedExpense,"4,553,000","-3,715,000","2,768,000","1,788,000","3,712,000","4,385,000","3,953,000","27,000","2,235,000","529,000","969,000","-178,000"
				ChangeInPayable,"-5,533,000","-1,437,000","-1,028,000","-2,923,000","-145,000","4,150,000","467,000","895,000","-211,000","-161,000","1,407,000","-1,761,000"
					ChangeInAccountPayable,"-5,533,000","-1,437,000","-1,028,000","-2,923,000","-145,000","4,150,000","467,000","895,000","-211,000","-161,000","1,407,000","-1,761,000"
				ChangeInAccruedExpense,"10,086,000","-2,278,000","3,796,000","4,711,000","3,857,000","235,000","3,486,000","-868,000","2,446,000","690,000","-438,000","1,583,000"
			ChangeInOtherCurrentAssets,"443,000","119,000","114,000","108,000","102,000","95,000","114,000","981,000","3,054,000","4,295,000","857,000","188,000"
			ChangeInOtherCurrentLiabilities,"-874,000","-227,000","-221,000","-215,000","-354,000","-225,000","-360,000","-491,000","117,000","-1,913,000","106,000","-190,000"
			ChangeInOtherWorkingCapital,"-61,392,000","-7,809,000","-16,606,000","-18,458,000","-18,376,000","-17,822,000","-11,753,000","136,044,000","-3,288,000","-3,428,000","-1,809,000","-974,000"
InvestingCashFlow,"-118,295,000","25,863,000","-68,019,000","-136,862,000","60,723,000","44,323,000","-3,990,000","-334,321,000","-46,874,000","-37,403,000","61,959,000","-78,323,000"
	CashFlowFromContinuingInvestingActivities,"-118,295,000","25,863,000","-68,019,000","-136,862,000","60,723,000","44,323,000","-3,990,000","-334,321,000","-46,874,000","-37,403,000","61,959,000","-78,323,000"
		NetPPEPurchaseAndSale,"-1,915,000","-482,000","-501,000","-306,000","-626,000","-164,000","-1,437,000","-2,409,000","-3,855,000","-1,395,000","-199,000","-211,000"
			PurchaseOfPPE,"-1,915,000","-482,000","-501,000","-306,000","-626,000","-164,000","-1,437,000","-2,409,000","-3,855,000","-1,395,000","-199,000","-211,000"
		NetInvestmentPurchaseAndSale,"-116,380,000","26,345,000","-67,518,000","-136,556,000","61,349,000","44,487,000","-2,553,000","-331,912,000","-43,019,000","-36,008,000","62,158,000","-78,112,000"
			PurchaseOfInvestment,"-520,509,000","-80,118,000","-164,398,000","-245,842,000","-30,151,000","-16,013,000","-68,443,000","-350,412,000","-74,519,000","-36,008,000","62,158,000","-78,112,000"
			SaleOfInvestment,"404,129,000","106,463,000","96,880,000","109,286,000","91,500,000","60,500,000","65,890,000","18,500,000","31,500,000","0",,"0"
FinancingCashFlow,"249,870,000","185,000","2,054,000","246,039,000","1,592,000","595,000","270,000","196,275,000","-403,000","93,120,000","21,093,000","-41,000"
	CashFlowFromContinuingFinancingActivities,"249,870,000","185,000","2,054,000","246,039,000","1,592,000","595,000","270,000","196,275,000","-403,000","93,120,000","21,093,000","-41,000"
		NetIssuancePaymentsOfDebt,"-958,000","-264,000","-156,000","-352,000","-186,000","-155,000","-152,000","-109,000","-151,000","-142,000","-118,000","-85,000"
			NetLongTermDebtIssuance,"-958,000","-264,000","-156,000","-352,000","-186,000","-155,000","-152,000","-109,000","-151,000","-142,000","-118,000","-85,000"
				LongTermDebtPayments,"-958,000","-264,000","-156,000","-352,000","-186,000","-155,000","-152,000","-109,000","-151,000","-142,000","-118,000","-85,000"
		NetCommonStockIssuance,,,"-29,000",,,,"398,000",,,,,
			CommonStockIssuance,,,"-29,000",,,,"398,000",,,,,
		NetPreferredStockIssuance,,,"0","0","0","0","0","0","-281,000","93,262,000","21,183,000","1,000"
			PreferredStockIssuance,,,"0","0","0","0","0","0","-281,000","93,262,000","21,183,000","1,000"
		ProceedsFromStockOptionExercised,"7,722,000","449,000","2,239,000","3,256,000","1,778,000","1,147,000","24,000","109,000","29,000","0","28,000","43,000"
		NetOtherFinancingCharges,,,"0","0","0","-397,000",,,,,,
EndCashPosition,"39,845,000","39,845,000","54,092,000","158,409,000","86,492,000","54,688,000","32,593,000","56,381,000","62,760,000","121,449,000","77,789,000","5,538,000"
	ChangesInCash,"-14,843,000","-14,247,000","-104,317,000","71,917,000","31,804,000","22,095,000","-23,788,000","-6,379,000","-58,689,000","43,660,000","72,251,000","-90,838,000"
	BeginningCashPosition,"54,688,000","54,092,000","158,409,000","86,492,000","54,688,000","32,593,000","56,381,000","62,760,000","121,449,000","77,789,000","5,538,000","96,376,000"
InterestPaidSupplementalData,"180,000","46,000","52,000","52,000","30,000","24,000","27,000","23,000","31,000","34,000","46,000","-12,000"
CapitalExpenditure,"-1,915,000","-482,000","-501,000","-306,000","-626,000","-164,000","-1,437,000","-2,409,000","-3,855,000","-1,395,000","-199,000","-211,000"
IssuanceOfCapitalStock,,,"-29,000","243,135,000","0","0","398,000","196,275,000","-281,000","93,262,000","21,183,000","1,000"
RepaymentOfDebt,"-958,000","-264,000","-156,000","-352,000","-186,000","-155,000","-152,000","-109,000","-151,000","-142,000","-118,000","-85,000"
FreeCashFlow,"-148,333,000","-40,777,000","-38,853,000","-37,566,000","-31,137,000","-22,987,000","-21,505,000","129,258,000","-15,267,000","-13,452,000","-11,000,000","-12,685,000"