name,ttm,03/31/2022,12/31/2021,09/30/2021,06/30/2021,03/31/2021,12/31/2020,09/30/2020,06/30/2020,03/31/2020,12/31/2019,09/30/2019,06/30/2019,03/31/2019,12/31/2018,09/30/2018,06/30/2018,03/31/2018,12/31/2017,09/30/2017,06/30/2017,03/31/2017,12/31/2016,09/30/2016,06/30/2016,03/31/2016,12/31/2015,09/30/2015,06/30/2015,03/31/2015,12/31/2014,09/30/2014,06/30/2014,03/31/2014,12/31/2013,09/30/2013,06/30/2013,03/31/2013
OperatingCashFlow,"-100,000,000","90,000,000","-132,968,000","24,511,000","-81,507,000","192,964,000","-58,930,000","-21,114,000","-1,197,000","-14,501,000","-10,331,000","-7,158,000","-8,513,000","-11,561,000","-10,181,000","-9,486,000","-2,897,000","-3,696,000","-6,435,000","-12,282,000","-1,713,000","-9,601,000","-6,865,000","2,669,000","-6,884,000","-818,000","-16,337,000","-12,721,000","48,208,000","14,922,000","-19,760,000","-8,381,000","-14,392,000","45,261,000","-13,554,000","-14,756,000","-13,988,000","47,773,000"
	CashFlowFromContinuingOperatingActivities,"-100,000,000","90,000,000","-132,968,000","24,511,000","-81,507,000","192,964,000","-58,930,000","-21,114,000","-1,197,000","-14,501,000","-10,331,000","-7,158,000","-8,513,000","-11,561,000","-10,181,000","-9,486,000","-2,897,000","-3,696,000","-6,435,000","-12,282,000","-1,713,000","-9,601,000","-6,865,000","2,669,000","-6,884,000","-818,000","-16,337,000","-12,721,000","48,208,000","14,922,000","-19,760,000","-8,381,000","-14,392,000","45,261,000","-13,554,000","-14,756,000","-13,988,000","47,773,000"
		NetIncomeFromContinuingOperations,"979,000,000","299,000,000","386,779,000","236,828,000","56,214,000","52,179,000","264,276,000","68,960,000","72,214,000","-7,842,000","91,969,000","27,496,000","12,052,000","-14,301,000","14,804,000","59,639,000","10,580,000","-15,070,000","2,060,953,000","-9,864,000","-2,977,000","-14,445,000","45,601,000","3,789,000","890,154,000","-22,241,000","-28,401,000","-19,295,000","-7,809,000","5,318,000","-46,804,000","-31,990,000","1,904,000","-57,715,000","-8,849,000","-52,020,000","8,025,000","11,116,000"
		OperatingGainsLosses,"-1,337,000,000","-384,000,000","-557,611,000","-286,031,000","-109,246,000","-206,112,000","-218,222,000","-113,978,000","-112,127,000","-2,357,000","-135,737,000","-49,981,000","-29,078,000","6,554,000","-30,784,000","-87,214,000","-25,687,000","17,455,000","-2,506,597,000","6,323,000","-6,178,000","12,235,000","-83,190,000","-2,715,000","-1,447,524,000","26,997,000","45,590,000","27,966,000","7,196,000","44,789,000","30,157,000","58,027,000","-12,833,000","88,191,000","18,307,000","81,396,000","-15,726,000","-12,814,000"
			GainLossOnInvestmentSecurities,"-105,000,000","-137,000,000","-119,555,000","26,839,000","125,064,000","-99,348,000","43,746,000",,,,"-1,603,000",,,,"0","-5,678,000",,,"1,928,000","-2,675,000","-1,370,000","-981,000","-1,132,000","0","-47,985,000","-45,005,000","-14,710,000","23,116,000","-12,354,000","1,329,000","-27,444,000","12,532,000","-48,979,000","12,702,000","-29,831,000","-9,167,000","-46,048,000","-12,814,000"
			EarningsLossesFromEquityInvestments,"-1,232,000,000","-247,000,000","-438,056,000","-312,870,000","-234,310,000","-106,764,000","-261,968,000","-153,302,000","-112,127,000","-2,357,000","-134,134,000","-50,414,000","-29,078,000","6,554,000","-30,784,000","-81,536,000","-27,706,000","17,455,000","-2,508,525,000","8,998,000","-4,808,000","13,216,000","-82,058,000","-2,715,000","-1,399,539,000","72,002,000","60,300,000","4,850,000","19,550,000","43,460,000","57,601,000","45,495,000","36,146,000","75,489,000","48,138,000","90,563,000","30,322,000","0"
		DepreciationAmortizationDepletion,"267,000,000","64,000,000","68,234,000","68,130,000","66,874,000","63,762,000","14,186,000","56,000","492,000","493,000","467,000","471,000","469,000","468,000","470,000","501,000","899,000","909,000","926,000","942,000","949,000","953,000","1,070,000","971,000","978,000","986,000","1,168,000","820,000","856,000","3,244,000","2,460,000","2,479,000","2,481,000","1,623,000","1,008,000","1,065,000","1,135,000","1,174,000"
			DepreciationAndAmortization,"267,000,000","64,000,000","68,234,000","68,130,000","66,874,000","63,762,000","14,186,000","56,000","492,000","493,000","467,000","471,000","469,000","468,000","470,000","501,000","899,000","909,000","926,000","942,000","949,000","953,000","1,070,000","971,000","978,000","986,000","1,168,000","820,000","856,000","3,244,000","2,460,000","2,479,000","2,481,000","1,623,000","1,008,000","1,065,000","1,135,000","1,174,000"
		DeferredTax,"-20,000,000","6,000,000","-4,387,000","7,355,000","-28,637,000","10,669,000","-83,639,000","24,979,000","24,978,000","-2,774,000","29,466,000","9,124,000","3,924,000","-4,574,000","4,919,000","17,406,000","4,194,000","-4,950,000","435,097,000","-7,338,000","-2,541,000","-8,380,000","27,152,000","1,387,000","544,971,000","-12,732,000","1,442,000","-4,238,000","553,000","-22,721,000","-12,276,000","-16,918,000","7,907,000","-45,416,000","-1,580,000","-25,105,000","11,034,000","-15,273,000"
			DeferredIncomeTax,"-20,000,000","6,000,000","-4,387,000","7,355,000","-28,637,000","10,669,000","-83,639,000","24,979,000","24,978,000","-2,774,000","29,466,000","9,124,000","3,924,000","-4,574,000","4,919,000","17,406,000","4,194,000","-4,950,000","435,097,000","-7,338,000","-2,541,000","-8,380,000","27,152,000","1,387,000","544,971,000","-12,732,000","1,442,000","-4,238,000","553,000","-22,721,000","-12,276,000","-16,918,000","7,907,000","-45,416,000","-1,580,000","-25,105,000","11,034,000","-15,273,000"
		StockBasedCompensation,"40,000,000","9,000,000","9,984,000","10,581,000","10,565,000","9,870,000","3,398,000","2,002,000","1,933,000","1,801,000","2,841,000","2,531,000","2,523,000","2,616,000","1,509,000","1,397,000","1,396,000","1,405,000","916,000","1,499,000","1,429,000","1,448,000","1,131,000","1,736,000","1,224,000","1,622,000","1,598,000","1,451,000","1,976,000","1,355,000","264,000","190,000","89,000","456,000","-86,000","367,000","388,000","327,000"
		ExcessTaxBenefitFromStockBasedCompensation,,,,,,,,,,,,,,,,,,,,,,,,,,,"0","784,000","0","-2,001,000",,,,,,,,
		OtherNonCashItems,"-124,000,000","-1,000,000","-87,065,000","-36,253,000","-943,000","109,261,000","-167,000","445,000","189,000","436,000","455,000","440,000","274,000","302,000","313,000","736,000","53,000","394,000","425,000","951,000","42,000","87,000","330,000","330,000","-277,000","59,000","-143,000","-1,357,000","-622,000","-586,000","2,000","-707,000","-11,000","2,000","-46,000","10,000","-704,000","14,000"
		ChangeInWorkingCapital,"95,000,000","97,000,000","51,098,000","23,901,000","-76,334,000","153,335,000","-38,762,000","-3,578,000","11,124,000","-4,258,000","208,000","2,761,000","1,323,000","-2,626,000","-1,412,000","-1,951,000","5,668,000","-3,839,000","1,845,000","-4,795,000","7,563,000","-1,499,000","1,041,000","-2,829,000","3,590,000","4,491,000","-58,260,000","-18,852,000","46,058,000","-14,476,000","-28,784,000","-19,462,000","-13,929,000","58,120,000","-22,308,000","-20,469,000","-18,140,000","63,229,000"
			ChangeInPayablesAndAccruedExpense,"-19,000,000","32,000,000","-4,867,000","3,273,000","-49,102,000","-11,304,000","-24,592,000","-3,894,000","11,004,000","-4,066,000","101,000","-2,076,000","7,436,000","-2,975,000","-2,027,000","-2,477,000","6,615,000","-5,121,000","-1,920,000","-3,782,000","8,008,000","-1,502,000","-166,000","-2,350,000","3,459,000","-3,811,000","-56,118,000","-20,130,000","-43,170,000","75,126,000","-27,607,000","-20,108,000","-14,666,000","57,880,000","-25,806,000","-22,383,000","-20,958,000","63,730,000"
				ChangeInPayable,"-19,000,000","32,000,000","-4,867,000","3,273,000","-49,102,000","-11,304,000","-24,592,000","-3,894,000","11,004,000","-4,066,000","101,000","-2,076,000","7,436,000","-2,975,000","-2,027,000","-2,477,000","6,615,000","-5,121,000","-1,920,000","-3,782,000","8,008,000","-1,502,000","-166,000","-2,350,000","3,459,000","-3,811,000","-56,118,000","-20,130,000","-43,170,000","75,126,000","-27,607,000","-20,108,000","-14,666,000","57,880,000","-25,806,000","-22,383,000","-20,958,000","63,730,000"
			ChangeInOtherCurrentAssets,"114,000,000","65,000,000","55,965,000","20,628,000","-27,232,000","164,639,000","-14,170,000","316,000","120,000","-192,000","107,000","4,837,000","-6,113,000","349,000","615,000","526,000","-947,000","1,282,000","3,765,000","-1,013,000","-445,000","3,000","1,207,000","-479,000","131,000","8,302,000","-2,142,000","1,278,000","89,228,000","-89,602,000","-1,177,000","646,000","737,000","240,000","3,498,000","1,914,000","2,818,000","-501,000"
InvestingCashFlow,"4,146,000,000","574,000,000","1,493,110,000","854,672,000","1,224,289,000","489,929,000","590,464,000","-7,000","-20,000","-14,925,000","-425,000","-25,000","-33,000","-17,000","-6,000","-11,000","-10,000","-14,000","-43,000","-10,000","-3,000","0","-113,000","-107,000","-4,922,142,000","-68,438,000","25,000","-2,266,000","-160,000","-78,000","-55,343,000","40,322,000","-105,410,000","-89,555,000","11,724,000","12,180,000","-2,610,339,000","-38,433,000"
	CashFlowFromContinuingInvestingActivities,"4,146,000,000","574,000,000","1,493,110,000","854,672,000","1,224,289,000","489,929,000","590,464,000","-7,000","-20,000","-14,925,000","-425,000","-25,000","-33,000","-17,000","-6,000","-11,000","-10,000","-14,000","-43,000","-10,000","-3,000","0","-113,000","-107,000","-4,922,142,000","-68,438,000","25,000","-2,266,000","-160,000","-78,000","-55,343,000","40,322,000","-105,410,000","-89,555,000","11,724,000","12,180,000","-2,610,339,000","-38,433,000"
		CapitalExpenditureReported,"-138,000,000","-32,000,000","-42,781,000","-41,120,000","-21,482,000","-28,617,000","-1,776,000","-7,000","-20,000","-15,000","-425,000","-25,000","-33,000","-17,000","-6,000","-11,000","-10,000","-14,000","-43,000","-18,000","-9,000","0","-113,000","-119,000","-15,000","-20,000","1,885,000","-2,385,000","-156,000","-75,000","-281,000","-358,000","-620,000","-139,000","-638,000","-92,000","-260,000","-137,000"
		NetBusinessPurchaseAndSale,"4,263,000,000","602,000,000","1,536,203,000","880,242,000","1,244,150,000","518,405,000","592,240,000","0","0","-14,910,000",,,,,,,,,"0",,,,"0","0",,,,,"0","0","-51,365,000","0","-124,492,000","-48,088,000","-1,000","0","-2,565,149,000","0"
			PurchaseOfBusiness,,,"0","0",,,"0","0","0","-14,910,000",,,,,,,,,"0",,,,"0","0",,,,,"0","0","-51,365,000","0","-124,492,000","-48,088,000","-1,000","0","-2,565,149,000","0"
			SaleOfBusiness,"4,263,000,000","602,000,000","1,536,203,000","880,242,000","1,244,150,000","518,405,000",,,,,,,,,,,,,,,,,,,,,,,,,,,,,,,,
		NetInvestmentPurchaseAndSale,,,,,,"518,405,000","0","0","0","-14,910,000",,,,,,,,,"0",,,"0","0","0","77,685,000","-68,671,000",,,,,,,,,"0","0",,
			PurchaseOfInvestment,,,,,,,"0","0","0","-14,910,000",,,,,,,,,"0",,,"0","0","0","-77,759,000","-77,685,000",,,,,,,,,"0","0",,
			SaleOfInvestment,,,,,,"518,405,000",,,,,,,,,,,,,"0",,,"0","0","0","155,444,000","9,014,000",,,,,,,,,,,,
		NetOtherInvestingChanges,,"4,000,000","-312,000","15,550,000","1,621,000","141,000","0","0","0","-14,910,000",,,,,,,,,"0","8,000",,,"0","12,000","188,000","253,000","-1,847,000","119,000","-4,000","-3,000","5,304,000","40,680,000","19,702,000","-41,328,000","12,363,000","12,272,000","14,682,000","-38,296,000"
FinancingCashFlow,"-4,917,000,000","-548,000,000","-1,598,770,000","-669,483,000","-2,100,284,000","-923,463,000","501,490,000","404,227,000","22,000","-1,941,000","13,934,000","-13,405,000","2,502,000","1,653,000","50,022,000","303,000","-22,719,000","541,000","-47,690,000","-49,036,000","-49,403,000","51,745,000","-46,335,000","169,000","4,400,196,000","199,317,000","28,007,000","-107,888,000","-44,916,000","703,474,000","72,501,000","-995,000","123,210,000","48,100,000","-1,538,000","-1,537,000","2,623,225,000","-1,537,000"
	CashFlowFromContinuingFinancingActivities,"-4,917,000,000","-548,000,000","-1,598,770,000","-669,483,000","-2,100,284,000","-923,463,000","501,490,000","404,227,000","22,000","-1,941,000","13,934,000","-13,405,000","2,502,000","1,653,000","50,022,000","303,000","-22,719,000","541,000","-47,690,000","-49,036,000","-49,403,000","51,745,000","-46,335,000","169,000","4,400,196,000","199,317,000","28,007,000","-107,888,000","-44,916,000","703,474,000","72,501,000","-995,000","123,210,000","48,100,000","-1,538,000","-1,537,000","2,623,225,000","-1,537,000"
		NetIssuancePaymentsOfDebt,"-528,000,000","298,000,000","-227,472,000","283,247,000","-882,204,000","-182,571,000","823,581,000",,,,"0","50,000,000",,,"0","0",,,"0",,,"0","0","0","0","200,000,000","27,995,000","-40,000,000",,,,,,,,,,
			NetLongTermDebtIssuance,"-528,000,000","298,000,000","-227,472,000","283,247,000","-882,204,000","-182,571,000","823,581,000",,,,"0","50,000,000",,,"0","0",,,"0",,,"0","0","0","0","200,000,000","27,995,000","-40,000,000",,,,,,,,,,
				LongTermDebtIssuance,"1,767,000,000","300,000,000","400,316,000","350,000,000",,,"2,125,000,000",,,,"0","50,000,000",,,"0","133,000,000",,,"0",,,"0","0","0","0","200,000,000","27,995,000","0",,,,,,,,,,
				LongTermDebtPayments,"-2,295,000,000","-2,000,000","-627,788,000","-66,753,000","-1,598,888,000","-182,571,000",,,,,"0",,,,"0",,,,"0",,,,,,,,"0",,,,,,,,,,,
		NetCommonStockIssuance,"-4,377,000,000","-843,000,000","-1,361,413,000","-953,557,000","-1,218,619,000","-738,411,000","-310,957,000",,,,,,,,,,,,"0",,,,"0","0",,,,,,,,,,,,,,
			CommonStockIssuance,,,,,,,,,,,,,,,,,,,"0",,,,"0","0",,,,,,,,,,,,,,
			CommonStockPayments,"-4,377,000,000","-843,000,000","-1,361,413,000","-953,557,000","-1,218,619,000","-738,411,000","-310,957,000",,,,,,,,,,,,,,,,,,,,,,,,,,,,,,,
		ProceedsFromStockOptionExercised,,,,,,,,,,,,,,,,,,,,,,,,"0",,,"0","0","0","697,309,000",,,,,,,,
		NetOtherFinancingCharges,"-12,000,000","-3,000,000","-9,885,000","827,000","539,000","-2,481,000","-11,134,000","-10,051,000","22,000","-1,941,000","13,934,000","-63,405,000","2,502,000","1,653,000","50,022,000","303,000","-47,719,000","541,000","-47,690,000","50,964,000","-49,403,000","51,745,000","-46,335,000","169,000","196,000","-683,000","12,000","-67,888,000","-84,916,000","6,165,000","-299,499,000","-995,000","123,210,000","48,100,000","-1,538,000","-1,537,000","2,623,225,000","-1,537,000"
EndCashPosition,"322,000,000","322,000,000","206,000,000","444,920,000","235,220,000","1,192,722,000","1,433,292,000","400,268,000","17,162,000","18,357,000","49,724,000","46,546,000","67,134,000","73,178,000","83,103,000","43,268,000","52,462,000","78,088,000","81,257,000","135,425,000","196,753,000","247,872,000","205,728,000","259,041,000","256,310,000","785,140,000","655,079,000","643,384,000","766,259,000","763,127,000","44,809,000","47,411,000","16,465,000","13,057,000","9,251,000","12,619,000","16,732,000","17,834,000"
	ChangesInCash,"-871,000,000","116,000,000","-238,628,000","209,700,000","-957,502,000","-240,570,000","1,033,024,000","383,106,000","-1,195,000","-31,367,000","3,178,000","-20,588,000","-6,044,000","-9,925,000","39,835,000","-9,194,000","-25,626,000","-3,169,000","-54,168,000","-61,328,000","-51,119,000","42,144,000","-53,313,000","2,731,000","-528,830,000","130,061,000","11,695,000","-122,875,000","3,132,000","718,318,000","-2,602,000","30,946,000","3,408,000","3,806,000","-3,368,000","-4,113,000","-1,102,000","7,803,000"
	BeginningCashPosition,"1,193,000,000","206,000,000","444,920,000","235,220,000","1,192,722,000","1,433,292,000","400,268,000","17,162,000","18,357,000","49,724,000","46,546,000","67,134,000","73,178,000","83,103,000","43,268,000","52,462,000","78,088,000","81,257,000","135,425,000","196,753,000","247,872,000","205,728,000","259,041,000","256,310,000","785,140,000","655,079,000","643,384,000","766,259,000","763,127,000","44,809,000","47,411,000","16,465,000","13,057,000","9,251,000","12,619,000","16,732,000","17,834,000","10,031,000"
CapitalExpenditure,"-138,000,000","-32,000,000","-42,781,000","-41,120,000","-21,482,000","-28,617,000","-1,776,000","-7,000","-20,000","-15,000","-425,000","-25,000","-33,000","-17,000","-6,000","-11,000","-10,000","-14,000","-43,000","-18,000",,,"-113,000","-119,000","-15,000","-20,000",,"-2,385,000","-156,000","-75,000","-281,000","-358,000","-620,000","-139,000","-638,000","-92,000","-260,000","-137,000"
IssuanceOfCapitalStock,,,,,,,,,,,,,,,,,,,"0",,,,"0","0",,,,,,,,,,,,,,
IssuanceOfDebt,"1,767,000,000","300,000,000","400,316,000","350,000,000",,,"2,125,000,000",,,,"0","50,000,000",,,"0","133,000,000",,,"0",,,"0","0","0","0","200,000,000","27,995,000","0",,,,,,,,,,
RepaymentOfDebt,"-2,295,000,000","-2,000,000","-627,788,000","-66,753,000","-1,598,888,000","-182,571,000",,,,,"0",,,,"0",,,,"0",,,,,,,,"0",,,,,,,,,,,
RepurchaseOfCapitalStock,"-4,377,000,000","-843,000,000","-1,361,413,000","-953,557,000","-1,218,619,000","-738,411,000","-310,957,000",,,,,,,,,,,,,,,,,,,,,,,,,,,,,,,
FreeCashFlow,"-238,000,000","58,000,000","-175,749,000","-16,609,000","-102,989,000","164,347,000","-60,706,000","-21,121,000","-1,217,000","-14,516,000","-10,756,000","-7,183,000","-8,546,000","-11,578,000","-10,187,000","-9,497,000","-2,907,000","-3,710,000","-6,478,000","-12,300,000","-1,722,000","-9,601,000","-6,978,000","2,550,000","-6,899,000","-838,000","-14,452,000","-15,106,000","48,052,000","14,847,000","-20,041,000","-8,739,000","-15,012,000","45,122,000","-14,192,000","-14,848,000","-14,248,000","47,636,000"