name,ttm,03/31/2022,12/31/2021,09/30/2021,06/30/2021,03/31/2021,12/31/2020,09/30/2020,06/30/2020,03/31/2020,12/31/2019,09/30/2019,06/30/2019,03/31/2019,12/31/2018,09/30/2018,06/30/2018,03/31/2018
OperatingCashFlow,"-86,742,000","-35,738,000","-18,335,000","-9,359,000","-23,310,000","-22,225,000","-20,040,000","-25,165,000","-19,181,000","-19,110,000","-14,601,000","-6,696,000","-7,777,000","-12,100,000","7,008,000","-5,851,000","-4,289,000","-4,465,000"
	CashFlowFromContinuingOperatingActivities,"-86,742,000","-35,738,000","-18,335,000","-9,359,000","-23,310,000","-22,225,000","-20,040,000","-25,165,000","-19,181,000","-19,110,000","-14,601,000","-6,696,000","-7,777,000","-12,100,000","7,008,000","-5,851,000","-4,289,000","-4,465,000"
		NetIncomeFromContinuingOperations,"-125,241,000","-32,450,000","-27,234,000","-28,865,000","-36,692,000","-27,544,000","-27,991,000","-29,765,000","-25,616,000","-19,115,000","-15,941,000","-10,917,000","-7,669,000","-8,268,000","14,165,000","-7,517,000","-3,200,000","-3,941,000"
		OperatingGainsLosses,,,,,,,,,,,,,,,"-1,885,000","1,955,000",,
			GainLossOnInvestmentSecurities,,,,,,,,,,,,,,,"-1,885,000","1,955,000",,
		DepreciationAmortizationDepletion,"5,962,000","1,427,000","1,479,000","1,492,000","1,564,000","1,554,000","1,553,000","1,621,000","1,650,000","1,731,000","1,767,000","1,942,000","1,935,000","1,961,000","1,891,000","1,879,000","1,710,000","1,743,000"
			DepreciationAndAmortization,"5,962,000","1,427,000","1,479,000","1,492,000","1,564,000","1,554,000","1,553,000","1,621,000","1,650,000","1,731,000","1,767,000","1,942,000","1,935,000","1,961,000","1,891,000","1,879,000","1,710,000","1,743,000"
				Depreciation,"5,962,000","1,427,000","1,479,000","1,492,000","1,564,000","1,554,000","1,553,000","1,621,000","1,650,000","1,731,000","1,767,000","1,942,000","1,935,000","1,961,000","1,891,000","1,879,000","1,710,000","1,743,000"
		AmortizationOfSecurities,"3,462,000","518,000","968,000","1,028,000","948,000","570,000","80,000","-18,000","-68,000","-122,000","-99,000","-221,000","-350,000","-453,000","-420,000","-285,000","-120,000","-51,000"
		StockBasedCompensation,"27,480,000","7,820,000","6,579,000","6,365,000","6,716,000","6,582,000","4,184,000","4,049,000","3,723,000","3,695,000","3,621,000","3,084,000","3,671,000","2,605,000","2,513,000","2,973,000","2,208,000","2,268,000"
		OtherNonCashItems,"7,862,000","935,000","2,424,000","-20,000","4,964,000","-315,000","377,000","-3,000","119,000","120,000","0","0","0","98,000",,,,
		ChangeInWorkingCapital,"-6,267,000","-13,988,000","-2,551,000","10,641,000","-810,000","-3,072,000","1,757,000","-1,049,000","1,011,000","-5,419,000","-3,949,000","-584,000","-5,364,000","-8,043,000","-9,347,000","-4,856,000","-4,894,000","-4,484,000"
			ChangeInReceivables,"222,000","4,842,000","-545,000","-814,000","-3,261,000","1,508,000","782,000","-4,136,000","-2,337,000","4,464,000","-5,206,000","881,000","-881,000","3,669,000","-3,669,000","0","0","0"
			ChangeInPrepaidAssets,"-2,605,000","241,000","-496,000","-492,000","-1,858,000","-1,299,000","1,851,000","-596,000","-1,114,000","-2,005,000","2,346,000","-2,470,000","-262,000","-1,602,000","-3,718,000","-219,000","417,000","-845,000"
			ChangeInPayablesAndAccruedExpense,"-4,147,000","-5,178,000","-4,424,000","5,384,000","71,000","-2,555,000","4,435,000","1,897,000","3,077,000","-2,317,000","9,352,000","4,511,000","1,031,000","-2,375,000","6,026,000","-124,000","3,334,000","-1,693,000"
				ChangeInPayable,"-2,720,000","-431,000","-2,386,000","2,491,000","-2,394,000","-2,128,000","8,018,000","-234,000","-1,531,000","-5,343,000","4,960,000","1,193,000","-1,318,000","-1,193,000","2,516,000","-1,088,000","375,000","1,681,000"
					ChangeInAccountPayable,"-2,720,000","-431,000","-2,386,000","2,491,000","-2,394,000","-2,128,000","8,018,000","-234,000","-1,531,000","-5,343,000","4,960,000","1,193,000","-1,318,000","-1,193,000","2,516,000","-1,088,000","375,000","1,681,000"
				ChangeInAccruedExpense,"-1,427,000","-4,747,000","-2,038,000","2,893,000","2,465,000","-427,000","-3,583,000","2,131,000","4,608,000","3,026,000","4,392,000","3,318,000","2,349,000","-1,182,000","3,510,000","964,000","2,959,000","-3,374,000"
			ChangeInOtherCurrentLiabilities,"-4,854,000","-1,236,000",,,,,,,,,,,,,,,,
			ChangeInOtherWorkingCapital,,"-12,657,000","7,699,000","6,563,000","4,238,000","-726,000","-5,311,000","1,786,000","1,385,000","-5,561,000","-10,441,000","-3,506,000","-5,252,000","-7,735,000","-7,986,000","-4,513,000","-8,645,000","-1,946,000"
InvestingCashFlow,"38,653,000","-6,853,000","21,926,000","52,304,000","-28,724,000","-117,156,000","-114,531,000","28,541,000","8,119,000","26,873,000","-46,390,000","43,622,000","48,998,000","2,493,000","3,482,000","13,223,000","-8,552,000","30,576,000"
	CashFlowFromContinuingInvestingActivities,"38,653,000","-6,853,000","21,926,000","52,304,000","-28,724,000","-117,156,000","-114,531,000","28,541,000","8,119,000","26,873,000","-46,390,000","43,622,000","48,998,000","2,493,000","3,482,000","13,223,000","-8,552,000","30,576,000"
		NetPPEPurchaseAndSale,"-1,809,000","-285,000","-133,000","-196,000","-1,195,000","-160,000","-274,000","-160,000","-880,000","-565,000","-1,059,000","-155,000","-509,000","-1,766,000","-107,000","-674,000","-4,030,000","-1,033,000"
			PurchaseOfPPE,"-1,809,000","-285,000","-133,000","-196,000","-1,195,000","-160,000","-274,000","-160,000","-880,000","-565,000","-1,059,000","-155,000","-509,000","-1,766,000","-107,000","-674,000","-4,030,000","-1,033,000"
		NetInvestmentPurchaseAndSale,"40,462,000","-6,568,000","22,059,000","52,500,000","-27,529,000","-116,996,000","-114,257,000","28,701,000","8,999,000","27,438,000","-45,331,000","43,777,000","49,507,000","4,259,000","3,589,000","13,897,000","-4,522,000","31,609,000"
			PurchaseOfInvestment,"-235,374,000","-86,904,000","-98,941,000","0","-49,529,000","-144,996,000","-148,256,000","0","0","-29,399,000","-59,082,000","0","-2,490,000","-72,734,000","-30,661,000","-32,703,000","-33,279,000","-36,966,000"
			SaleOfInvestment,"275,836,000","80,336,000","121,000,000","52,500,000","22,000,000","28,000,000","33,999,000","28,701,000","8,999,000","56,837,000","13,751,000","43,777,000","51,997,000","76,993,000","34,250,000","46,600,000","28,757,000","68,575,000"
FinancingCashFlow,"9,848,000","668,000","2,378,000","3,478,000","3,324,000","140,477,000","27,612,000","908,000","3,427,000","3,591,000","3,573,000","643,000","176,538,000","-3,000","-1,058,000","1,207,000","163,000","-114,000"
	CashFlowFromContinuingFinancingActivities,"9,848,000","668,000","2,378,000","3,478,000","3,324,000","140,477,000","27,612,000","908,000","3,427,000","3,591,000","3,573,000","643,000","176,538,000","-3,000","-1,058,000","1,207,000","163,000","-114,000"
		NetCommonStockIssuance,"10,000","0","0","0","10,000","134,570,000","0","0",,,"-119,000","0","176,025,000","0","0","0","0","-185,000"
			CommonStockIssuance,"10,000","0","0","0","10,000","134,570,000","0","0",,,"-119,000","0",,,,,,
			CommonStockPayments,,,,,,,,,,,"0","0","0","0","0","0","0","-185,000"
		ProceedsFromStockOptionExercised,"9,642,000","668,000","2,378,000","3,282,000","3,314,000","5,907,000","5,709,000","1,257,000","3,651,000","3,591,000","3,692,000","643,000","258,000","252,000","363,000","1,986,000","163,000","71,000"
		NetOtherFinancingCharges,,,"0",,,,"21,903,000","-349,000",,,,,,"-255,000","-1,421,000",,,
EndCashPosition,"111,371,000","111,371,000","153,294,000","147,325,000","100,902,000","149,612,000","148,516,000","255,475,000","251,191,000","258,826,000","247,472,000","304,890,000","267,321,000","49,562,000","59,172,000","49,740,000","38,912,000","53,839,000"
	ChangesInCash,"-38,241,000","-41,923,000","5,969,000","46,423,000","-48,710,000","1,096,000","-106,959,000","4,284,000","-7,635,000","11,354,000","-57,418,000","37,569,000","217,759,000","-9,610,000","9,432,000","8,579,000","-12,678,000","25,997,000"
	BeginningCashPosition,"149,612,000","153,294,000","147,325,000","100,902,000","149,612,000","148,516,000","255,475,000","251,191,000","258,826,000","247,472,000","304,890,000","267,321,000","49,562,000","59,172,000","49,740,000","38,912,000","53,839,000","27,842,000"
CapitalExpenditure,"-1,809,000","-285,000","-133,000","-196,000","-1,195,000","-160,000","-274,000","-160,000","-880,000","-565,000","-1,059,000","-155,000","-509,000","-1,766,000","-107,000","-674,000","-4,030,000","-1,033,000"
IssuanceOfCapitalStock,"10,000","0","0","0","10,000","134,570,000","0","0",,,"-119,000","0",,,,,,
RepurchaseOfCapitalStock,,,,,,,,,,,"0","0","0","0","0","0","0","-185,000"
FreeCashFlow,"-88,551,000","-36,023,000","-18,468,000","-9,555,000","-24,505,000","-22,385,000","-20,314,000","-25,325,000","-20,061,000","-19,675,000","-15,660,000","-6,851,000","-8,286,000","-13,866,000","6,901,000","-6,525,000","-8,319,000","-5,498,000"