name,ttm,03/31/2022,12/31/2021,09/30/2021,06/30/2021,03/31/2021,12/31/2020,09/30/2020,06/30/2020,03/31/2020,12/31/2019,09/30/2019,06/30/2019,03/31/2019,12/31/2018,09/30/2018,06/30/2018,03/31/2018,12/31/2017,09/30/2017,06/30/2017,03/31/2017,12/31/2016,09/30/2016,06/30/2016,03/31/2016,12/31/2015,09/30/2015,06/30/2015,03/31/2015,12/31/2014,09/30/2014,06/30/2014,03/31/2014,12/31/2013,09/30/2013,06/30/2013,03/31/2013
OperatingCashFlow,"-376,896,000","-107,800,000","-97,501,000","-68,826,000","-102,769,000","-109,086,000","1,010,971,000","-91,016,000","-118,984,000","-136,691,000","-116,726,000","-128,702,000","-133,344,000","-149,934,000","-101,778,000","-80,187,000","-135,000","-78,571,000","-58,899,000","-46,092,000","-59,076,000","-55,210,000","-33,776,000","-30,796,000","-26,671,000","-27,435,000","-18,117,000","-19,515,000","-18,443,000","-14,606,000","-8,667,000","-7,486,000","-5,273,000","-5,616,000","-5,039,000","-5,171,000","-4,266,000","-3,040,000"
	CashFlowFromContinuingOperatingActivities,"-376,896,000","-107,800,000","-97,501,000","-68,826,000","-102,769,000","-109,086,000","1,010,971,000","-91,016,000","-118,984,000","-136,691,000","-116,726,000","-128,702,000","-133,344,000","-149,934,000","-101,778,000","-80,187,000","-135,000","-78,571,000","-58,899,000","-46,092,000","-59,076,000","-55,210,000","-33,776,000","-30,796,000","-26,671,000","-27,435,000","-18,117,000","-19,515,000","-18,443,000","-14,606,000","-8,667,000","-7,486,000","-5,273,000","-5,616,000","-5,039,000","-5,171,000","-4,266,000","-3,040,000"
		NetIncomeFromContinuingOperations,"-484,183,000","-122,055,000","-124,712,000","-130,171,000","-107,245,000","-95,764,000","974,895,000","-105,735,000","-136,347,000","-126,740,000","-168,653,000","-179,958,000","-168,221,000","-163,406,000","-158,388,000","-122,918,000","-16,978,000","-74,598,000","-69,422,000","-73,719,000","-70,201,000","-56,778,000","-55,901,000","-37,796,000","-34,747,000","-30,543,000","-28,562,000","-24,035,000","-25,027,000","-16,871,000","-12,361,000","-9,468,000","-6,192,000","-5,790,000","-5,718,000","-4,519,000","-4,655,000","-3,389,000"
		OperatingGainsLosses,"-15,371,000","-1,189,000","-3,849,000","-2,919,000","-7,414,000","-9,459,000","-670,000","-572,000","-254,000","-240,000","-1,022,000","-765,000","-1,148,000","-739,000","-50,000","-90,000","-71,000","-4,000","-56,000","-49,000",,,"-93,000","-394,000",,,,,,,,,,,,,,
			GainLossOnInvestmentSecurities,"-15,371,000","-1,189,000","-3,849,000","-2,919,000","-7,414,000","-9,459,000","-670,000","-572,000","-254,000","-240,000","-1,022,000","-765,000","-1,148,000","-739,000","-50,000","-90,000","-71,000","-4,000","-56,000","-49,000",,,"-93,000","-394,000",,,,,,,,,,,,,,
		DepreciationAmortizationDepletion,"1,875,000","275,000","333,000","374,000","893,000","2,582,000","649,000","650,000","662,000","669,000","665,000","698,000","505,000","415,000","363,000","287,000","246,000","247,000","135,000","136,000","130,000","130,000","82,000","83,000","75,000","41,000","32,000","29,000","32,000","22,000","16,000","13,000","11,000","11,000","13,000","11,000","12,000","11,000"
			DepreciationAndAmortization,"1,875,000","275,000","333,000","374,000","893,000","2,582,000","649,000","650,000","662,000","669,000","665,000","698,000","505,000","415,000","363,000","287,000","246,000","247,000","135,000","136,000","130,000","130,000","82,000","83,000","75,000","41,000","32,000","29,000","32,000","22,000","16,000","13,000","11,000","11,000","13,000","11,000","12,000","11,000"
				Depreciation,"1,875,000","275,000","333,000","374,000","893,000","2,582,000","649,000","650,000","662,000","669,000","665,000","698,000","505,000","415,000","363,000","287,000","246,000","247,000","135,000","136,000","130,000","130,000","82,000","83,000","75,000","41,000","32,000","29,000","32,000","22,000","16,000","13,000","11,000","11,000","13,000","11,000","12,000","11,000"
		AmortizationOfSecurities,"15,254,000","3,533,000","4,324,000","4,034,000","3,363,000","1,325,000","420,000","324,000","322,000","-18,000","-537,000","-1,456,000","-2,651,000","-2,322,000","-2,991,000","-2,747,000","-2,806,000","-1,348,000","-236,000","-62,000","-28,000","33,000","199,000","74,000",,,,,,,,,,,,,,
		StockBasedCompensation,"101,206,000","18,553,000","20,648,000","34,342,000","27,663,000","21,976,000","20,744,000","20,108,000","24,032,000","31,110,000","30,679,000","43,669,000","34,767,000","44,116,000","31,640,000","25,478,000","29,028,000","15,817,000","10,245,000","9,731,000","9,350,000","6,208,000","10,093,000","4,748,000","4,465,000","3,714,000","4,086,000","4,407,000","5,398,000","1,349,000","1,326,000","691,000","335,000","160,000","29,000","20,000","12,000","0"
		OtherNonCashItems,,,,,,,,,,,,,,,,,,,,"9,669,000",,,,,,,"0","0","787,000","424,000","0","0","0","127,000","29,000",,,
		ChangeInWorkingCapital,"4,323,000","-6,917,000","5,755,000","25,514,000","-20,029,000","-29,746,000","14,933,000","-5,791,000","-7,399,000","-41,472,000","22,142,000","9,110,000","3,404,000","-27,998,000","27,648,000","19,803,000","-9,554,000","-18,685,000","435,000","17,871,000","1,673,000","-4,803,000","11,844,000","2,489,000","3,792,000","-647,000","6,327,000","84,000","367,000","470,000","2,352,000","1,278,000","573,000","-124,000","573,000","-683,000","365,000","338,000"
			ChangeInReceivables,"4,969,000","-1,291,000","5,679,000","24,253,000","-23,672,000","-24,766,000",,,,,,,,,,,,,,,,,,,,,,,,,,,,,,,,
			ChangeInPrepaidAssets,"-14,123,000","2,635,000","-5,498,000","-5,497,000","-5,763,000","-262,000","7,526,000","-1,485,000","-3,383,000","1,221,000","3,713,000","-3,392,000","-6,739,000","1,637,000","-3,191,000","12,820,000","-19,743,000","-5,348,000","-1,335,000","301,000","1,287,000","-1,380,000","-1,682,000","-1,606,000","1,115,000","-1,189,000","867,000","671,000","-2,085,000","-134,000","7,000","-287,000","-383,000","-52,000","-6,000","-278,000","16,000","-49,000"
			ChangeInPayablesAndAccruedExpense,"15,235,000","-7,758,000","6,090,000","7,165,000","9,738,000","-4,546,000","7,427,000","-4,198,000","-4,199,000","-42,698,000","18,484,000","12,373,000","12,863,000","-28,699,000","30,839,000","6,983,000","10,189,000","-13,337,000","1,770,000","17,570,000","386,000","-3,423,000","13,526,000","4,095,000","2,677,000","542,000","5,625,000","-587,000","2,452,000","604,000","2,366,000","1,565,000","956,000","-72,000","579,000","-405,000","349,000","387,000"
				ChangeInPayable,"3,844,000","-3,251,000","5,647,000","1,816,000","-368,000","-406,000","-598,000","1,902,000","-5,508,000","-7,307,000","10,172,000","-7,149,000","-1,299,000","-20,507,000","27,914,000","-2,467,000","-26,000","-877,000","-3,914,000","6,989,000","-2,125,000","-4,643,000","7,680,000","-825,000","1,740,000","-799,000","1,882,000","-1,952,000","2,417,000","343,000","447,000","379,000","86,000","-471,000","714,000","-565,000","246,000","279,000"
					ChangeInAccountPayable,"3,844,000","-3,251,000","5,647,000","1,816,000","-368,000","-406,000","-598,000","1,902,000","-5,508,000","-7,307,000","10,172,000","-7,149,000","-1,299,000","-20,507,000","27,914,000","-2,467,000","-26,000","-877,000","-3,914,000","6,989,000","-2,125,000","-4,643,000","7,680,000","-825,000","1,740,000","-799,000","1,882,000","-1,952,000","2,417,000","343,000","447,000","379,000","86,000","-471,000","714,000","-565,000","246,000","279,000"
				ChangeInAccruedExpense,"11,391,000","-4,507,000","443,000","5,349,000","10,106,000","-4,140,000","8,025,000","-6,100,000","1,309,000","-35,391,000","8,312,000","19,522,000","14,162,000","-8,192,000","2,925,000","9,450,000","10,215,000","-12,460,000","5,684,000","10,581,000","2,511,000","1,220,000","5,846,000","4,920,000","937,000","1,341,000","3,743,000","1,365,000","35,000","261,000","1,919,000","1,186,000","870,000","399,000","-135,000","160,000","103,000","108,000"
			ChangeInOtherCurrentAssets,"4,039,000","1,010,000","947,000","1,020,000","1,062,000","1,282,000","1,569,000","1,441,000","1,962,000","1,877,000","1,769,000","1,916,000","-874,000","1,564,000",,,,,,,,,,,,,,,,,,,,,,,,
			ChangeInOtherCurrentLiabilities,"-5,797,000","-1,513,000","-1,463,000","-1,427,000","-1,394,000","-1,454,000","-1,589,000","-1,549,000","-1,779,000","-1,872,000","-1,824,000","-1,787,000","-1,846,000","-2,500,000",,,,,,,,,,,,,,,,,,,,,,,,
			ChangeInOtherWorkingCapital,,,,,,,"-62,000","-151,000","257,000","-20,000","-8,992,000","6,262,000","-2,720,000","-936,000",,,,,,,,,,,,,,,,,,,,,,,,
InvestingCashFlow,"-353,190,000","-9,558,000","-30,261,000","-24,983,000","-288,388,000","-658,816,000","45,519,000","13,513,000","177,382,000","206,270,000","-17,916,000","207,779,000","-58,109,000","-274,910,000","38,418,000","52,000","-238,130,000","-312,801,000","-104,602,000","43,871,000","44,308,000","31,600,000","-118,463,000","-27,720,000","-84,016,000","-341,000","-38,000","21,000","-71,000","-110,000","-45,000","-78,000","-2,000","-3,000","0","0","0","-3,000"
	CashFlowFromContinuingInvestingActivities,"-353,190,000","-9,558,000","-30,261,000","-24,983,000","-288,388,000","-658,816,000","45,519,000","13,513,000","177,382,000","206,270,000","-17,916,000","207,779,000","-58,109,000","-274,910,000","38,418,000","52,000","-238,130,000","-312,801,000","-104,602,000","43,871,000","44,308,000","31,600,000","-118,463,000","-27,720,000","-84,016,000","-341,000","-38,000","21,000","-71,000","-110,000","-45,000","-78,000","-2,000","-3,000","0","0","0","-3,000"
		NetPPEPurchaseAndSale,"-541,000","-169,000","-372,000","0","0","0","0","1,000","-70,000","-276,000","-373,000","-1,940,000","-2,181,000","-1,257,000","-808,000","-998,000","-402,000","-652,000","-804,000","-235,000","-76,000","-245,000","-520,000","-66,000","-494,000","-341,000","-38,000","21,000","-71,000","-110,000","-45,000","-78,000","-2,000","-3,000","0","0","0","-3,000"
			PurchaseOfPPE,"-541,000","-169,000","-372,000","0","0","0","0","1,000","-70,000","-276,000","-373,000","-1,940,000","-2,181,000","-1,257,000","-808,000","-998,000","-402,000","-652,000","-804,000","-235,000","-76,000","-245,000","-520,000","-66,000","-494,000","-341,000","-38,000","21,000","-71,000","-110,000","-45,000","-78,000","-2,000","-3,000","0","0","0","-3,000"
		NetInvestmentPurchaseAndSale,"-352,649,000","-9,389,000","-29,889,000","-24,983,000","-288,388,000","-658,816,000","45,519,000","13,512,000","177,452,000","206,546,000","-17,543,000","209,719,000","-55,928,000","-273,653,000","39,226,000","1,050,000","-237,728,000","-312,149,000","-103,798,000","44,106,000","44,669,000","31,845,000","-117,943,000","-27,654,000",,,,,,,,,,,,,,
			PurchaseOfInvestment,"-1,450,293,000","-301,928,000","-318,752,000","-363,256,000","-466,357,000","-841,786,000","-89,891,000","-157,058,000","-143,120,000","-68,651,000","-230,973,000","-159,469,000","-337,317,000","-580,916,000","-211,399,000","-459,622,000","-419,228,000","-394,109,000","-150,587,000","-59,894,000","-15,014,000","-18,908,000","-140,443,000","-35,653,000",,,,,,,,,,,,,,
			SaleOfInvestment,"1,097,644,000","292,539,000","288,863,000","338,273,000","177,969,000","182,970,000","135,410,000","170,570,000","320,572,000","275,197,000","213,430,000","369,188,000","281,389,000","307,263,000","250,625,000","460,672,000","181,500,000","81,960,000","46,789,000","104,000,000","59,683,000","50,753,000","22,500,000",,,,,,,,,,,,,,,
		NetOtherInvestingChanges,,,,,,,,,,,,,,,,,,,"0","0",,,"0","0",,,,,,,,,,,"0",,,
FinancingCashFlow,"9,510,000","1,799,000","-170,000","1,816,000","6,065,000","5,623,000","419,671,000","3,545,000","386,000","3,160,000","2,166,000","13,919,000","15,343,000","576,196,000","1,628,000","8,078,000","6,540,000","643,112,000","334,820,000","3,687,000","2,758,000","553,000","678,000","189,591,000","10,000","140,703,000","31,000","137,000","129,586,000","112,000","-249,000","95,164,000","-1,023,000","52,978,000","261,000","17,492,000","30,000","5,000,000"
	CashFlowFromContinuingFinancingActivities,"9,510,000","1,799,000","-170,000","1,816,000","6,065,000","5,623,000","419,671,000","3,545,000","386,000","3,160,000","2,166,000","13,919,000","15,343,000","576,196,000","1,628,000","8,078,000","6,540,000","643,112,000","334,820,000","3,687,000","2,758,000","553,000","678,000","189,591,000","10,000","140,703,000","31,000","137,000","129,586,000","112,000","-249,000","95,164,000","-1,023,000","52,978,000","261,000","17,492,000","30,000","5,000,000"
		NetIssuancePaymentsOfDebt,,,,,,,,,,,,,,,,,,,,,,,,,,,,,,,,,,"0","0",,,"0"
			NetLongTermDebtIssuance,,,,,,,,,,,,,,,,,,,,,,,,,,,,,,,,,,"0","0",,,"0"
				LongTermDebtIssuance,,,,,,,,,,,,,,,,,,,,,,,,,,,,,,,,,,"0","0",,,"0"
			NetShortTermDebtIssuance,,,,,,,,,,,,,,,,,,,,,,,,,,,,,,,,,,,"0",,,
				ShortTermDebtIssuance,,,,,,,,,,,,,,,,,,,,,,,,,,,,,,,,,,,"0",,,
		NetCommonStockIssuance,,,,,,,"417,500,000","0","0","0","0","0","0","561,277,000","0","0","0","631,494,000","326,025,000","0","0","0","0","189,175,000","0","141,000,000","0","0","129,573,000","147,000","1,000","96,292,000","0","2,000","14,000","2,000","35,000","0"
			CommonStockIssuance,,,,,,,"417,500,000","0","0","0","0","0","0","561,277,000","0","0","0","631,494,000","326,025,000","0","0","0","0","189,175,000","0","141,000,000","0","0","129,573,000","147,000","1,000","96,292,000","0","2,000","14,000","2,000","35,000","0"
		NetPreferredStockIssuance,,,,,,,,,,,,,,,,,,,,,,,,,,,,"0","0","0","0","0","-116,000","52,976,000","247,000","17,490,000","-5,000","5,000,000"
			PreferredStockIssuance,,,,,,,,,,,,,,,,,,,,,,,,,,,,"0","0","0","0","0","-116,000","52,976,000","247,000","17,490,000","-5,000","5,000,000"
		ProceedsFromStockOptionExercised,"10,895,000","1,799,000","419,000","1,816,000","6,861,000","5,623,000","2,171,000","3,545,000","386,000","3,160,000","2,166,000","15,402,000","15,601,000","15,681,000","1,628,000","8,078,000","6,645,000","12,757,000","8,974,000","3,687,000","2,758,000","553,000","678,000","416,000","10,000","302,000","67,000","227,000",,,,,,,,,,
		NetOtherFinancingCharges,"-2,503,000",,"-589,000","0",,,,,,,"0","-1,483,000","-258,000","-762,000","0","0","-105,000","-1,139,000",,"0",,,"0","0","0","-599,000","-36,000","-90,000","-423,000","-35,000","-250,000","-1,128,000",,,"0",,,
EndCashPosition,"179,943,000","179,943,000","295,502,000","423,434,000","515,427,000","900,519,000","1,662,798,000","186,637,000","260,595,000","201,811,000","129,072,000","261,548,000","168,552,000","344,662,000","193,310,000","255,042,000","327,099,000","558,824,000","306,235,000","134,916,000","133,450,000","145,460,000","168,517,000","320,078,000","189,003,000","299,680,000","186,753,000","204,877,000","224,234,000","113,162,000","127,766,000","136,727,000","49,127,000","55,425,000","8,066,000","12,844,000","523,000","4,759,000"
	ChangesInCash,"-720,576,000","-115,559,000","-127,932,000","-91,993,000","-385,092,000","-762,279,000","1,476,161,000","-73,958,000","58,784,000","72,739,000","-132,476,000","92,996,000","-176,110,000","151,352,000","-61,732,000","-72,057,000","-231,725,000","251,740,000","171,319,000","1,466,000","-12,010,000","-23,057,000","-151,561,000","131,075,000","-110,677,000","112,927,000","-18,124,000","-19,357,000","111,072,000","-14,604,000","-8,961,000","87,600,000","-6,298,000","47,359,000","-4,778,000","12,321,000","-4,236,000","1,957,000"
	BeginningCashPosition,"900,519,000","295,502,000","423,434,000","515,427,000","900,519,000","1,662,798,000","186,637,000","260,595,000","201,811,000","129,072,000","261,548,000","168,552,000","344,662,000","193,310,000","255,042,000","327,099,000","558,824,000","307,084,000","134,916,000","133,450,000","145,460,000","168,517,000","320,078,000","189,003,000","299,680,000","186,753,000","204,877,000","224,234,000","113,162,000","127,766,000","136,727,000","49,127,000","55,425,000","8,066,000","12,844,000","523,000","4,759,000","2,802,000"
CapitalExpenditure,,"-169,000",,,,,,,"-70,000","-276,000","-373,000","-1,940,000","-2,181,000","-1,257,000","-808,000","-998,000","-402,000","-652,000","-804,000","-235,000","-76,000","-245,000","-520,000","-66,000","-494,000","-341,000","-38,000",,"-71,000","-110,000","-45,000","-78,000","-2,000","-3,000","0",,,"-3,000"
IssuanceOfCapitalStock,,,,,,,"417,500,000","0","0","0","0","0","0","561,277,000","0","0","0","631,494,000","326,025,000","0","0","0","0","189,175,000","0","141,000,000","0","0","129,573,000","147,000","1,000","96,292,000","-116,000","52,978,000","261,000","17,492,000","30,000","5,000,000"
IssuanceOfDebt,,,,,,,,,,,,,,,,,,,,,,,,,,,,,,,,,,"0","0",,,"0"
FreeCashFlow,"-377,437,000","-107,969,000","-97,873,000","-68,826,000","-102,769,000","-109,086,000","1,010,971,000","-91,015,000","-119,054,000","-136,967,000","-117,099,000","-130,642,000","-135,525,000","-151,191,000","-102,586,000","-81,185,000","-537,000","-79,223,000","-59,703,000","-46,327,000","-59,152,000","-55,455,000","-34,296,000","-30,862,000","-27,165,000","-27,776,000","-18,155,000","-19,494,000","-18,514,000","-14,716,000","-8,712,000","-7,564,000","-5,275,000","-5,619,000","-5,039,000","-5,171,000","-4,266,000","-3,043,000"