name,ttm,03/31/2022,12/31/2021,09/30/2021,06/30/2021,03/31/2021,12/31/2020,09/30/2020,06/30/2020,03/31/2020,12/31/2019
OperatingCashFlow,"-50,626,000","-19,151,000","-12,369,000","-8,756,000","-10,350,000","-14,872,000","-5,485,000","-5,490,000","-4,779,000","-5,074,000","-3,423,000"
	CashFlowFromContinuingOperatingActivities,"-50,626,000","-19,151,000","-12,369,000","-8,756,000","-10,350,000","-14,872,000","-5,485,000","-5,490,000","-4,779,000","-5,074,000","-3,423,000"
		NetIncomeFromContinuingOperations,"-78,386,000","-23,646,000","-19,739,000","-18,385,000","-16,616,000","-16,429,000","-12,936,000","-8,229,000","-6,117,000","-5,493,000","-5,146,000"
		DepreciationAmortizationDepletion,"2,951,000","875,000","836,000","680,000","560,000","482,000","474,000","431,000","424,000","277,000","208,000"
			DepreciationAndAmortization,"2,951,000","875,000","836,000","680,000","560,000","482,000","474,000","431,000","424,000","277,000","208,000"
		AmortizationOfSecurities,"1,359,000","314,000","378,000","407,000","260,000","152,000","76,000","85,000","54,000","46,000","-18,000"
		StockBasedCompensation,"27,950,000","8,062,000","6,671,000","6,786,000","6,431,000","6,039,000","4,784,000","1,177,000","808,000","579,000","401,000"
		OtherNonCashItems,"1,478,000","551,000",,,,,"0",,,,"1,000"
		ChangeInWorkingCapital,"-5,978,000","-5,307,000","-1,520,000","1,756,000","-985,000","-5,116,000","2,117,000","1,036,000","52,000","-483,000","1,131,000"
			ChangeInReceivables,"-3,946,000","-315,000","-1,600,000","-869,000","-1,162,000","-251,000","394,000","-15,000","-203,000","-112,000","-208,000"
				ChangesInAccountReceivables,"-2,793,000","-298,000","-1,330,000","-269,000",,,,,,,
			ChangeInInventory,"-2,304,000","300,000","-1,588,000","113,000","-1,129,000","-990,000",,,"0","0",
			ChangeInPrepaidAssets,"-3,145,000","-2,850,000","-770,000","642,000","-167,000","-2,589,000","136,000","-206,000","184,000","-106,000","60,000"
			ChangeInPayablesAndAccruedExpense,"3,214,000","-2,517,000","3,055,000","1,761,000","915,000","-1,224,000","2,149,000","1,210,000","-313,000","-352,000","1,134,000"
				ChangeInPayable,"1,358,000","-479,000","1,301,000","946,000","-410,000","-234,000","972,000","22,000","-563,000","481,000","515,000"
					ChangeInAccountPayable,"1,358,000","-479,000","1,301,000","946,000","-410,000","-234,000","972,000","22,000","-563,000","481,000","515,000"
				ChangeInAccruedExpense,"1,856,000","-2,038,000","1,754,000","815,000","1,325,000","-990,000","1,177,000","1,188,000","250,000","-833,000","619,000"
			ChangeInOtherCurrentAssets,"-113,000","11,000","-42,000","-36,000","-46,000","30,000","11,000","30,000","31,000","-79,000","29,000"
			ChangeInOtherCurrentLiabilities,"178,000","46,000","30,000","0","9,000","-83,000","167,000","30,000","0","0","51,000"
			ChangeInOtherWorkingCapital,"138,000","18,000","-605,000","145,000","595,000","-9,000","-189,000","-13,000","353,000","166,000","65,000"
InvestingCashFlow,"-171,841,000","10,920,000","-87,489,000","-31,126,000","-64,146,000","11,883,000","5,273,000","-50,102,000","7,319,000","2,952,000","-43,833,000"
	CashFlowFromContinuingInvestingActivities,"-171,841,000","10,920,000","-87,489,000","-31,126,000","-64,146,000","11,883,000","5,273,000","-50,102,000","7,319,000","2,952,000","-43,833,000"
		NetPPEPurchaseAndSale,"-7,164,000","-1,080,000","-1,334,000","-2,645,000","-2,105,000","-838,000","-127,000","-865,000","-2,479,000","-1,063,000","-346,000"
			PurchaseOfPPE,"-7,164,000","-1,080,000","-1,334,000","-2,645,000","-2,105,000","-838,000","-127,000","-865,000","-2,479,000","-1,063,000","-346,000"
		NetBusinessPurchaseAndSale,,,"0",,,,"0",,,,"0"
			PurchaseOfBusiness,,,"0",,,,"0",,,,"0"
		NetInvestmentPropertiesPurchaseAndSale,,,,,,,,,,,"-43,487,000"
			PurchaseOfInvestmentProperties,,,,,,,,,,,"-49,737,000"
			SaleOfInvestmentProperties,,,,,,,,,,,"6,250,000"
		NetInvestmentPurchaseAndSale,"-164,677,000","12,000,000","-86,155,000","-28,481,000","-62,041,000","12,721,000","5,400,000","-49,187,000","9,798,000","4,015,000","-43,487,000"
			PurchaseOfInvestment,"-249,677,000","0","-110,155,000","-40,481,000","-99,041,000","-30,279,000","-12,100,000","-72,187,000","48,000","-3,485,000","-49,737,000"
			SaleOfInvestment,"85,000,000","12,000,000","24,000,000","12,000,000","37,000,000","43,000,000","17,500,000","23,000,000","9,750,000","7,500,000","6,250,000"
FinancingCashFlow,"2,219,000","752,000","1,269,000","609,000","-411,000","115,167,000","316,091,000","355,000","54,995,000","45,000","54,584,000"
	CashFlowFromContinuingFinancingActivities,"2,219,000","752,000","1,269,000","609,000","-411,000","115,167,000","316,091,000","355,000","54,995,000","45,000","54,584,000"
		NetCommonStockIssuance,"-690,000","-21,000","0","-22,000","-647,000","103,593,000","315,331,000","1,000","-7,000","0","0"
			CommonStockIssuance,"-636,000","0","0","0","-636,000","103,595,000","315,338,000","0","0","0","0"
			CommonStockPayments,"-54,000","-21,000","0","-22,000","-11,000","-2,000","-7,000","1,000","-7,000","0","0"
		NetPreferredStockIssuance,,,"0","0",,,"0","-79,000",,,"54,584,000"
			PreferredStockIssuance,,,"0","0",,,"0","-79,000",,,"54,584,000"
		ProceedsFromStockOptionExercised,"2,909,000","773,000","1,269,000","631,000","236,000","171,000","687,000","506,000","27,000","45,000","0"
		NetOtherFinancingCharges,,,"0","0","0","11,403,000",,,,,"0"
EndCashPosition,"225,858,000","225,858,000","233,337,000","331,926,000","371,199,000","446,106,000","333,928,000","18,049,000","73,286,000","15,751,000","17,828,000"
	ChangesInCash,"-220,248,000","-7,479,000","-98,589,000","-39,273,000","-74,907,000","112,178,000","315,879,000","-55,237,000","57,535,000","-2,077,000","7,328,000"
	BeginningCashPosition,"446,106,000","233,337,000","331,926,000","371,199,000","446,106,000","333,928,000","18,049,000","73,286,000","15,751,000","17,828,000","10,500,000"
IncomeTaxPaidSupplementalData,,,"40,000","164,000",,,,,,,
CapitalExpenditure,"-7,164,000","-1,080,000","-1,334,000","-2,645,000","-2,105,000","-838,000","-127,000","-865,000","-2,479,000","-1,063,000","-346,000"
IssuanceOfCapitalStock,"-636,000","0","0","0","-636,000","103,595,000","315,338,000","-79,000","54,975,000","0","54,584,000"
RepurchaseOfCapitalStock,"-54,000","-21,000","0","-22,000","-11,000","-2,000","-7,000","1,000","-7,000","0","0"
FreeCashFlow,"-57,790,000","-20,231,000","-13,703,000","-11,401,000","-12,455,000","-15,710,000","-5,612,000","-6,355,000","-7,258,000","-6,137,000","-3,769,000"