name,ttm,03/31/2022,12/31/2021,09/30/2021,06/30/2021,03/31/2021,12/31/2020,09/30/2020,06/30/2020,03/31/2020,12/31/2019
OperatingCashFlow,"-12,163,000","-25,859,000","2,596,000","7,435,000","3,665,000","-17,779,000","15,967,000","19,187,000","990,000","17,938,000","7,495,000"
	CashFlowFromContinuingOperatingActivities,"-12,163,000","-25,859,000","2,596,000","7,435,000","3,665,000","-17,779,000","15,967,000","19,187,000","990,000","17,938,000","7,495,000"
		NetIncomeFromContinuingOperations,"16,927,000","4,649,000","-2,152,000","5,276,000","9,154,000","-8,334,000","4,247,000","15,001,000","5,223,000","9,295,000","7,836,000"
		OperatingGainsLosses,,,"-9,000","0","0","61,000",,,,,
		DepreciationAmortizationDepletion,"10,346,000","2,694,000","2,708,000","2,537,000","2,407,000","2,401,000","2,388,000","2,361,000","2,334,000","2,322,000","2,325,000"
			DepreciationAndAmortization,"10,346,000","2,694,000","2,708,000","2,537,000","2,407,000","2,401,000","2,388,000","2,361,000","2,334,000","2,322,000","2,325,000"
		DeferredTax,"1,049,000","1,419,000","-4,131,000","3,178,000","583,000","557,000",,,,"0",
			DeferredIncomeTax,"1,049,000","1,419,000","-4,131,000","3,178,000","583,000","557,000",,,,"0",
		ProvisionandWriteOffofAssets,,,"-1,853,000",,,,"-300,000",,,,"401,000"
		StockBasedCompensation,"13,725,000","3,831,000","4,882,000","2,232,000","2,780,000","1,392,000","1,032,000","515,000","6,704,000","0",
		OtherNonCashItems,"1,135,000","276,000","277,000","277,000","305,000","5,110,000","320,000","10,000","12,000","9,000","9,000"
		ChangeInWorkingCapital,"-53,918,000","-38,728,000","2,874,000","-6,500,000","-11,564,000","-18,966,000","8,280,000","812,000","-13,283,000","6,312,000","-3,076,000"
			ChangeInReceivables,"-29,590,000","-28,004,000","10,110,000","-55,000","-11,641,000","-7,335,000","6,162,000","-2,214,000","-11,323,000","6,374,000","-2,204,000"
				ChangesInAccountReceivables,"-23,436,000","-25,388,000","13,089,000","3,702,000","-14,839,000","-1,134,000","1,375,000","-1,108,000","-9,742,000","9,763,000","384,000"
			ChangeInInventory,"-22,328,000","-11,111,000","-8,683,000","-2,354,000","-180,000","-5,971,000","-3,522,000","403,000","-189,000","-3,167,000","1,122,000"
			ChangeInPayablesAndAccruedExpense,"-2,385,000","3,808,000","-5,798,000","-1,818,000","1,423,000","-2,195,000","5,667,000","2,468,000","-2,318,000","3,137,000","-1,913,000"
				ChangeInPayable,"-4,290,000","-2,106,000","1,321,000","-4,788,000","1,283,000","-1,693,000","3,966,000","1,779,000","-3,702,000","2,208,000","-867,000"
					ChangeInAccountPayable,"-4,290,000","-2,106,000","1,321,000","-4,788,000","1,283,000","-1,693,000","3,966,000","1,779,000","-3,702,000","2,208,000","-867,000"
				ChangeInAccruedExpense,"1,905,000","5,914,000","-7,119,000","2,970,000","140,000","-502,000","1,701,000","689,000","1,384,000","929,000","-1,046,000"
			ChangeInOtherCurrentAssets,"385,000","-3,421,000","7,245,000","-2,273,000","-1,166,000","-3,465,000","-27,000","155,000","547,000","-32,000","-81,000"
InvestingCashFlow,"-17,054,000","-882,000","-1,643,000","-13,656,000","-873,000","-863,000","-450,000","-1,441,000","-550,000","-795,000","-310,000"
	CashFlowFromContinuingInvestingActivities,"-17,054,000","-882,000","-1,643,000","-13,656,000","-873,000","-863,000","-450,000","-1,441,000","-550,000","-795,000","-310,000"
		NetPPEPurchaseAndSale,"-4,145,000","-882,000","-1,643,000","-747,000","-873,000","-863,000","-450,000","-1,441,000","-550,000","-795,000","-310,000"
			PurchaseOfPPE,"-4,145,000","-882,000","-1,643,000","-747,000","-873,000","-863,000","-450,000","-1,441,000","-550,000","-795,000","-310,000"
		NetBusinessPurchaseAndSale,,,"0",,,,,,,,
			PurchaseOfBusiness,,,"0",,,,,,,,
FinancingCashFlow,"38,071,000","30,265,000","-5,585,000","7,239,000","6,152,000","12,796,000","-14,689,000","-22,805,000","-33,272,000","22,911,000","-4,586,000"
	CashFlowFromContinuingFinancingActivities,"38,071,000","30,265,000","-5,585,000","7,239,000","6,152,000","12,796,000","-14,689,000","-22,805,000","-33,272,000","22,911,000","-4,586,000"
		NetIssuancePaymentsOfDebt,"48,765,000","34,500,000","-5,500,000","10,640,000","9,125,000","-131,875,000","365,560,000","-11,663,000","-33,272,000","23,125,000","-875,000"
			NetLongTermDebtIssuance,"-2,375,000","-500,000","-500,000","-500,000","-875,000","-150,875,000","345,560,000","-20,063,000","-872,000","-875,000","-875,000"
				LongTermDebtPayments,"-2,375,000","-500,000","-500,000","-500,000","-875,000","-150,875,000","-4,440,000","-20,063,000","-872,000","-875,000","-3,375,000"
			NetShortTermDebtIssuance,"51,140,000","35,000,000","-5,000,000","11,140,000","10,000,000","19,000,000",,,"-32,400,000","24,000,000",
				ShortTermDebtIssuance,"65,140,000","35,000,000","9,000,000","6,140,000","15,000,000","19,000,000",,,,"24,000,000",
		NetCommonStockIssuance,"281,064,000","0","124,312,000","281,064,000","0","154,521,000",,,,"0",
			CommonStockIssuance,"281,064,000","0","124,312,000","281,064,000","0","154,521,000",,,,"0",
		CashDividendsPaid,,,,,,"0","-364,690,000",,,"-214,000","-3,711,000"
			CommonStockDividendPaid,,,,,,,"-364,690,000",,,,"-3,711,000"
		NetOtherFinancingCharges,"-291,758,000","-4,235,000","-124,397,000","-284,465,000","-2,973,000","-9,850,000",,,,,
EndCashPosition,"13,081,000","13,081,000","9,557,000","14,189,000","13,171,000","4,227,000","10,073,000","9,245,000","14,304,000","47,136,000","7,082,000"
	ChangesInCash,"8,854,000","3,524,000","-4,632,000","1,018,000","8,944,000","-5,846,000","828,000","-5,059,000","-32,832,000","40,054,000","2,599,000"
	BeginningCashPosition,"4,227,000","9,557,000","14,189,000","13,171,000","4,227,000","10,073,000","9,245,000","14,304,000","47,136,000","7,082,000","4,483,000"
IncomeTaxPaidSupplementalData,"1,227,000","37,000","14,000","56,000",,,,,,,
InterestPaidSupplementalData,"11,310,000","2,710,000","3,126,000","2,049,000","3,425,000","2,209,000",,,"227,000","249,000",
CapitalExpenditure,"-4,145,000","-882,000","-1,643,000","-747,000","-873,000","-863,000","-450,000","-1,441,000","-550,000","-795,000","-310,000"
IssuanceOfCapitalStock,"281,064,000","0","124,312,000","281,064,000","0","154,521,000",,,,"0",
IssuanceOfDebt,"65,140,000","35,000,000","9,000,000","6,140,000","15,000,000","19,000,000",,,,"24,000,000",
RepaymentOfDebt,"-16,375,000","-500,000","-14,500,000","4,500,000","-5,875,000","-150,875,000","-24,440,000","-11,663,000","-9,272,000","-875,000","-3,375,000"
FreeCashFlow,"-16,308,000","-26,741,000","953,000","6,688,000","2,792,000","-18,642,000","15,517,000","17,746,000","440,000","17,143,000","7,185,000"