name,ttm,03/31/2022,12/31/2021,09/30/2021,06/30/2021,03/31/2021,12/31/2020,09/30/2020,06/30/2020,03/31/2020,12/31/2019,09/30/2019,06/30/2019,03/31/2019,12/31/2018,09/30/2018,06/30/2018,03/31/2018
OperatingCashFlow,"-196,568,000","-58,331,000","-54,151,000","-41,665,000","-42,387,000","-15,682,000","-33,373,000","1,742,000","-23,296,000","-27,866,000","-14,072,000","-16,546,000","-16,951,000","-10,188,000","-7,858,000","-5,122,000","-5,161,000","-5,392,000"
	CashFlowFromContinuingOperatingActivities,"-196,568,000","-58,331,000","-54,151,000","-41,665,000","-42,387,000","-15,682,000","-33,373,000","1,742,000","-23,296,000","-27,866,000","-14,072,000","-16,546,000","-16,951,000","-10,188,000","-7,858,000","-5,122,000","-5,161,000","-5,392,000"
		NetIncomeFromContinuingOperations,"-275,492,000","-74,445,000","-78,449,000","-66,325,000","-56,273,000","-35,504,000","-47,376,000","-17,705,000","-31,493,000","-60,718,000","-20,959,000","-20,483,000","-17,142,000","-13,547,000","-9,018,000","-5,997,000","-5,037,000","-4,733,000"
		DepreciationAmortizationDepletion,"4,588,000","1,254,000","1,274,000","1,210,000","850,000","633,000","607,000","604,000","594,000","588,000","550,000","796,000","158,000","75,000","74,000","25,000","21,000","18,000"
			DepreciationAndAmortization,"4,588,000","1,254,000","1,274,000","1,210,000","850,000","633,000","607,000","604,000","594,000","588,000","550,000","796,000","158,000","75,000","74,000","25,000","21,000","18,000"
				Depreciation,"4,588,000","1,254,000","1,274,000","1,210,000","850,000","633,000","607,000","604,000","594,000","588,000","550,000","796,000","158,000","75,000","74,000","25,000","21,000","18,000"
		AmortizationOfSecurities,"4,826,000","893,000","1,240,000","1,322,000","1,371,000","1,400,000","1,086,000","411,000","6,000","-242,000","-511,000","-487,000",,,,"0",,
		StockBasedCompensation,"56,368,000","15,089,000","14,190,000","13,794,000","13,295,000","17,278,000","9,830,000","8,564,000","7,404,000","38,365,000","4,228,000","3,493,000","3,059,000","1,926,000","746,000","179,000","137,000","85,000"
		OtherNonCashItems,,,,,,"1,400,000","1,086,000","411,000","6,000","-242,000","-511,000","-487,000",,,,,,
		ChangeInWorkingCapital,"13,142,000","-1,122,000","7,594,000","8,334,000","-1,630,000","511,000","2,480,000","9,868,000","193,000","-5,859,000","2,620,000","135,000","-2,667,000","1,358,000","380,000","671,000","-282,000","-762,000"
			ChangeInPrepaidAssets,"-2,255,000","1,636,000","247,000","2,487,000","-6,591,000","1,002,000","-1,396,000","1,672,000","169,000","-2,819,000","-684,000","-797,000","-2,965,000","-856,000","102,000","405,000","-199,000","-255,000"
			ChangeInPayablesAndAccruedExpense,"12,918,000","3,402,000","3,868,000","2,549,000","3,099,000","4,232,000","1,095,000","6,283,000","-1,092,000","918,000","351,000","-1,275,000","-513,000","2,862,000","-273,000","-105,000","-442,000","-204,000"
				ChangeInPayable,"841,000","1,954,000","2,528,000","-3,711,000","70,000","1,542,000","863,000","3,064,000","-350,000","-28,000","-293,000","-1,399,000","1,000,000","1,595,000","-625,000","240,000","-458,000","724,000"
					ChangeInAccountPayable,"841,000","1,954,000","2,528,000","-3,711,000","70,000","1,542,000","863,000","3,064,000","-350,000","-28,000","-293,000","-1,399,000","1,000,000","1,595,000","-625,000","240,000","-458,000","724,000"
				ChangeInAccruedExpense,"12,077,000","1,448,000","1,340,000","6,260,000","3,029,000","2,690,000","232,000","3,219,000","-742,000","946,000","644,000","124,000","-1,513,000","1,267,000","352,000","-345,000","16,000","-928,000"
			ChangeInOtherCurrentAssets,,"-20,000",,,,,,,,,,,,,,,,
			ChangeInOtherWorkingCapital,"2,499,000","-6,140,000","3,479,000","3,298,000","1,862,000","-4,723,000","2,781,000","1,913,000","1,116,000","-3,958,000","2,953,000","2,207,000","811,000","-648,000","551,000","371,000","359,000","-303,000"
InvestingCashFlow,"23,981,000","-60,412,000","75,222,000","17,443,000","-8,272,000","-78,931,000","-170,977,000","-160,372,000","111,826,000","9,491,000","-110,110,000","-80,096,000","-170,840,000","-33,000","-81,000","-83,000","-27,000","-111,000"
	CashFlowFromContinuingInvestingActivities,"23,981,000","-60,412,000","75,222,000","17,443,000","-8,272,000","-78,931,000","-170,977,000","-160,372,000","111,826,000","9,491,000","-110,110,000","-80,096,000","-170,840,000","-33,000","-81,000","-83,000","-27,000","-111,000"
		NetPPEPurchaseAndSale,"-2,731,000","-447,000","-387,000","-1,166,000","-731,000","-143,000","-390,000","-161,000","-259,000","-454,000","-761,000","-795,000","-155,000","-33,000","-81,000","-83,000","-27,000","-111,000"
			PurchaseOfPPE,"-2,731,000","-447,000","-387,000","-1,166,000","-731,000","-143,000","-390,000","-161,000","-259,000","-454,000","-761,000","-795,000","-155,000","-33,000","-81,000","-83,000","-27,000","-111,000"
		NetInvestmentPurchaseAndSale,"26,712,000","-59,965,000","75,609,000","18,609,000","-7,541,000","-78,788,000","-170,587,000","-160,211,000","112,085,000","9,945,000","-109,349,000","-79,301,000",,,,"0",,
			PurchaseOfInvestment,"-413,363,000","-134,783,000","-47,886,000","-135,581,000","-95,113,000","-160,650,000","-267,806,000","-232,480,000","-55,012,000","-63,675,000","-167,264,000","-94,224,000",,,,"0",,
			SaleOfInvestment,"440,075,000","74,818,000","123,495,000","154,190,000","87,572,000","81,862,000","97,219,000","72,269,000","167,097,000","73,620,000","57,915,000",,,,,,,
FinancingCashFlow,"14,721,000","396,000","2,605,000","2,379,000","9,341,000","9,679,000","446,173,000","394,000","352,146,000","25,000","-51,000","190,282,000","176,561,000","-797,000","79,760,000","26,000","39,000","6,000"
	CashFlowFromContinuingFinancingActivities,"14,721,000","396,000","2,605,000","2,379,000","9,341,000","9,679,000","446,173,000","394,000","352,146,000","25,000","-51,000","190,282,000","176,561,000","-797,000","79,760,000","26,000","39,000","6,000"
		NetCommonStockIssuance,,,"0","0",,,"433,858,000","0","351,586,000","25,000","658,000","190,186,000",,,,"0",,
			CommonStockIssuance,,,"0","0",,,"433,858,000","0","351,586,000","25,000","658,000","190,186,000",,,,"0",,
		ProceedsFromStockOptionExercised,"14,721,000","396,000","2,605,000","2,379,000","9,341,000","9,679,000","12,201,000","508,000",,,,"96,000","591,000","22,000","5,000","26,000","39,000","6,000"
		NetOtherFinancingCharges,,,,,,,,,,,,,,"-819,000",,,,
EndCashPosition,"311,408,000","311,408,000","429,755,000","406,079,000","427,922,000","469,167,000","554,101,000","312,278,000","470,514,000","29,838,000","48,188,000","172,421,000","78,781,000","90,011,000","101,029,000","29,208,000","34,387,000","39,536,000"
	ChangesInCash,"-157,866,000","-118,347,000","23,676,000","-21,843,000","-41,318,000","-84,934,000","241,823,000","-158,236,000","440,676,000","-18,350,000","-124,233,000","93,640,000","-11,230,000","-11,018,000","71,821,000","-5,179,000","-5,149,000","-5,497,000"
	BeginningCashPosition,"469,274,000","429,755,000","406,079,000","427,922,000","469,167,000","554,101,000","312,278,000","470,514,000","29,838,000","48,188,000","172,421,000","78,781,000","90,011,000","101,029,000","29,208,000","34,387,000","39,536,000","45,033,000"
IncomeTaxPaidSupplementalData,"0","0","0","0","0","1,000",,,"0","1,000","0","0","0","1,000","0","0","0","1,000"
CapitalExpenditure,"-2,731,000","-447,000","-387,000","-1,166,000","-731,000","-143,000","-390,000","-161,000","-259,000","-454,000","-761,000","-795,000","-155,000","-33,000","-81,000","-83,000","-27,000","-111,000"
IssuanceOfCapitalStock,,,"0","0",,,"433,858,000","0","351,586,000","25,000","658,000","190,186,000",,,"79,755,000","0",,
FreeCashFlow,"-199,299,000","-58,778,000","-54,538,000","-42,831,000","-43,118,000","-15,825,000","-33,763,000","1,581,000","-23,555,000","-28,320,000","-14,833,000","-17,341,000","-17,106,000","-10,221,000","-7,939,000","-5,205,000","-5,188,000","-5,503,000"