name,03/31/2022,12/31/2021,09/30/2021,06/30/2021,03/31/2021,12/31/2020,09/30/2020,06/30/2020,03/31/2020,12/31/2019,09/30/2019,06/30/2019,03/31/2019,12/31/2018,09/30/2018,06/30/2018,03/31/2018,12/31/2017,09/30/2017,06/30/2017,03/31/2017,12/31/2016,09/30/2016,06/30/2016,03/31/2016,12/31/2015,09/30/2015,06/30/2015,03/31/2015,12/31/2014,09/30/2014,06/30/2014,03/31/2014,12/31/2013,09/30/2013,06/30/2013,03/31/2013,12/31/2012,09/30/2012,06/30/2012,03/31/2012,12/31/2011,09/30/2011,06/30/2011,03/31/2011,12/31/2010,09/30/2010,06/30/2010,03/31/2010,12/31/2009,09/30/2009,06/30/2009,03/31/2009,12/31/2008,09/30/2008,06/30/2008,03/31/2008,12/31/2007,09/30/2007,06/30/2007,03/31/2007,12/31/2006,09/30/2006,06/30/2006,03/31/2006,12/31/2005,09/30/2005,06/30/2005,03/31/2005,12/31/2004,09/30/2004,06/30/2004,03/31/2004,12/31/2003,09/30/2003,06/30/2003,03/31/2003,12/31/2002,09/30/2002,06/30/2002,03/31/2002,12/31/2001,09/30/2001,06/30/2001,03/31/2001,12/31/2000,09/30/2000,06/30/2000,03/31/2000,12/31/1999,09/30/1999,06/30/1999,03/31/1999,12/31/1998,09/30/1998,06/30/1998,03/31/1998,12/31/1997,09/30/1997,06/30/1997,03/31/1997,12/31/1996,09/30/1996,06/30/1996,03/31/1996,12/31/1995,09/30/1995,06/30/1995,03/31/1995,12/31/1994,09/30/1994,06/30/1994,03/31/1994,12/31/1993,09/30/1993,06/30/1993,03/31/1993,12/31/1992,09/30/1992,06/30/1992,03/31/1992,12/31/1991,09/30/1991,06/30/1991,03/31/1991,12/31/1990,09/30/1990,06/30/1990,03/31/1990,12/31/1989,09/30/1989,12/31/1988,12/31/1987,12/31/1986,12/31/1985
TotalAssets,"25,276,000,000","24,676,000,000","23,273,000,000","20,603,000,000","19,639,000,000","19,351,000,000","18,207,000,000","17,445,000,000","17,283,000,000","18,018,000,000","17,992,000,000","17,384,000,000","17,443,000,000","17,137,000,000","18,573,000,000","18,527,000,000","17,507,000,000","17,642,000,000","16,929,000,000","16,438,000,000","15,978,000,000","16,431,000,000","16,216,000,000","15,693,000,000","15,686,000,000","16,230,000,000","16,540,000,000","17,532,000,000","17,346,000,000","17,722,000,000","17,900,000,000","17,810,000,000","18,935,000,000","18,938,000,000","19,244,000,000","19,398,000,000","19,701,000,000","20,021,000,000","20,514,000,000","19,521,000,000","20,009,000,000","20,497,000,000","20,907,000,000","17,098,000,000","13,310,000,000","13,401,000,000","12,649,000,000","12,164,000,000","12,370,000,000","12,119,000,000","11,903,000,000","11,510,000,000","11,520,000,000","11,923,000,000","12,466,000,000","12,382,000,000","12,338,000,000","12,667,000,000","13,724,000,000","14,020,000,000","13,750,000,000","13,930,000,000","14,785,000,000","15,928,000,000","14,038,000,000","15,063,000,000","14,984,000,000","14,486,000,000","15,045,000,000","16,299,000,000","16,137,000,000","16,050,000,000","15,785,000,000","15,510,000,000","15,086,000,000","14,634,000,000","14,395,000,000","14,679,000,000","14,899,000,000","14,989,000,000","15,538,000,000","15,779,000,000","15,244,000,000","16,702,000,000","17,242,000,000","17,720,000,000","18,339,000,000","19,558,000,000","17,500,000,000","15,028,000,000","13,198,000,000","11,047,000,000","11,115,000,000","11,250,000,000","10,518,000,000","10,250,000,000","10,370,000,000","10,849,000,000","12,074,000,000","9,387,000,000","9,263,000,000","9,360,000,000","9,557,000,000","9,241,000,000","9,122,000,000","9,215,000,000","8,644,000,000","7,961,000,000","7,421,000,000","6,989,000,000","6,843,000,000","6,677,000,000","6,434,000,000","5,993,000,000","6,056,000,000","5,718,000,000","5,587,000,000","5,185,000,000","5,130,000,000","5,039,000,000","4,699,000,000","5,009,000,000","5,088,000,000","5,004,000,000","5,058,000,000","5,048,000,000","4,976,000,000","4,842,000,000","4,740,000,000","4,804,400,000","4,680,700,000","4,427,500,000","4,256,300,000","3,336,700,000","3,076,100,000"
	CurrentAssets,"14,010,000,000","13,685,000,000","13,585,000,000","11,177,000,000","10,405,000,000","10,239,000,000","9,259,000,000","8,488,000,000","8,310,000,000","8,761,000,000","8,713,000,000","7,956,000,000","7,951,000,000","8,097,000,000","9,468,000,000","9,592,000,000","8,590,000,000","8,734,000,000","7,991,000,000","7,511,000,000","7,040,000,000","7,457,000,000","7,181,000,000","6,689,000,000","6,659,000,000","7,074,000,000","7,289,000,000","8,060,000,000","7,692,000,000","7,768,000,000","7,756,000,000","7,456,000,000","8,360,000,000","8,019,000,000","8,101,000,000","8,038,000,000","8,205,000,000","8,230,000,000","8,584,000,000","7,353,000,000","7,591,000,000","7,828,000,000","7,716,000,000","10,860,000,000","7,044,000,000","7,060,000,000","6,468,000,000","6,130,000,000","6,323,000,000","6,114,000,000","6,138,000,000","5,740,000,000","5,532,000,000","5,790,000,000","6,212,000,000","6,010,000,000","5,975,000,000","6,918,000,000","8,053,000,000","8,220,000,000","7,833,000,000","7,854,000,000","8,621,000,000","9,792,000,000","8,077,000,000","9,185,000,000","9,131,000,000","8,499,000,000","9,071,000,000","10,190,000,000","8,299,000,000","8,107,000,000","7,998,000,000","7,709,000,000","6,794,000,000","6,447,000,000","6,122,000,000","6,126,000,000","5,719,000,000","5,644,000,000","5,492,000,000","5,775,000,000","6,104,000,000","6,278,000,000","6,904,000,000","8,115,000,000","8,708,000,000","7,887,000,000","5,974,000,000","6,055,000,000","5,488,000,000","4,821,000,000","4,968,000,000","4,846,000,000","4,724,000,000","5,300,000,000","5,450,000,000","6,103,000,000","7,342,000,000","4,703,000,000","4,423,000,000","4,454,000,000","4,392,000,000","4,699,000,000","5,068,000,000","5,518,000,000","5,283,000,000","4,814,000,000","4,363,000,000","4,017,000,000","3,969,000,000","3,933,000,000","3,742,000,000","3,314,000,000","3,367,000,000","3,007,000,000","2,870,000,000","2,626,000,000","2,646,000,000","2,526,000,000","2,135,000,000","2,381,000,000","2,381,000,000","2,222,000,000","2,303,000,000","2,305,000,000","2,296,000,000","2,251,000,000","2,280,000,000","2,446,400,000","2,496,700,000","2,548,600,000","2,562,800,000","1,781,400,000","1,530,700,000"
		CashCashEquivalentsAndShortTermInvestments,"9,825,000,000","9,739,000,000","9,782,000,000","7,390,000,000","6,686,000,000","6,568,000,000","5,518,000,000","4,960,000,000","4,742,000,000","5,387,000,000","5,067,000,000","4,218,000,000","4,086,000,000","4,233,000,000","5,113,000,000","5,130,000,000","4,079,000,000","4,469,000,000","3,444,000,000","2,984,000,000","3,049,000,000","3,490,000,000","3,137,000,000","2,539,000,000","2,800,000,000","3,218,000,000","2,735,000,000","3,306,000,000","3,304,000,000","3,541,000,000","3,186,000,000","2,804,000,000","4,032,000,000","3,829,000,000","3,593,000,000","3,244,000,000","3,862,000,000","3,965,000,000","3,661,000,000","2,333,000,000","2,765,000,000","2,935,000,000","2,618,000,000","6,400,000,000","2,857,000,000","3,072,000,000","2,510,000,000","2,305,000,000","2,791,000,000","2,925,000,000","2,827,000,000","2,557,000,000","2,426,000,000","2,540,000,000","1,993,000,000","1,648,000,000","1,876,000,000","2,924,000,000","3,669,000,000","3,581,000,000","3,336,000,000","3,717,000,000","4,184,000,000","5,670,000,000","3,664,000,000","5,335,000,000","5,251,000,000","4,478,000,000","5,140,000,000","6,358,000,000","3,986,000,000","3,934,000,000","4,137,000,000","4,329,000,000","3,303,000,000","3,094,000,000","2,936,000,000","3,012,000,000","2,588,000,000","2,470,000,000","2,615,000,000","2,944,000,000","2,992,000,000","3,014,000,000","3,089,000,000","4,003,000,000","4,555,000,000","4,098,000,000","2,430,000,000","2,662,000,000","2,015,000,000","1,743,000,000","2,209,000,000","2,249,000,000","2,142,000,000","2,404,000,000","2,366,000,000","3,020,000,000","4,236,000,000","1,191,000,000","1,052,000,000","978,000,000","684,000,000","1,017,000,000","1,331,000,000","1,553,000,000","1,603,000,000","1,452,000,000","1,344,000,000","1,290,000,000","1,241,000,000","1,196,000,000","1,154,000,000","888,000,000","437,000,000","464,000,000","423,000,000","356,000,000","228,000,000","241,000,000","215,000,000","452,000,000","266,000,000","327,000,000","424,000,000","403,000,000","159,000,000","311,000,000","407,000,000","418,200,000","396,200,000","780,400,000","662,600,000","214,400,000","158,800,000"
			CashAndCashEquivalents,"3,505,000,000","4,631,000,000","5,663,000,000","3,649,000,000","2,442,000,000","3,107,000,000","2,822,000,000","4,294,000,000","2,518,000,000","2,437,000,000","3,893,000,000","3,813,000,000","3,720,000,000","2,438,000,000","1,502,000,000","2,919,000,000","1,717,000,000","1,656,000,000","1,296,000,000","1,140,000,000","1,073,000,000","1,154,000,000","1,369,000,000","1,235,000,000","1,281,000,000","1,000,000,000","1,133,000,000","1,184,000,000","1,242,000,000","1,199,000,000","1,306,000,000","1,216,000,000","1,565,000,000","1,627,000,000","1,435,000,000","1,180,000,000","1,393,000,000","1,416,000,000","1,210,000,000","1,192,000,000","1,193,000,000","992,000,000","1,581,000,000","4,501,000,000","1,343,000,000","1,319,000,000","1,093,000,000","1,138,000,000","1,217,000,000","1,182,000,000","1,294,000,000","1,765,000,000","1,436,000,000","1,046,000,000","1,715,000,000","1,317,000,000","1,450,000,000","1,328,000,000","807,000,000","1,266,000,000","965,000,000","1,183,000,000","1,430,000,000","1,678,000,000","722,000,000","1,219,000,000","1,946,000,000","2,133,000,000","1,856,000,000","2,668,000,000","1,674,000,000","1,623,000,000","1,615,000,000","1,818,000,000","943,000,000","1,019,000,000","1,089,000,000","949,000,000","964,000,000","487,000,000","313,000,000","431,000,000","387,000,000","542,000,000","304,000,000","745,000,000","938,000,000","1,330,000,000","675,000,000","662,000,000","291,000,000","334,000,000","893,000,000","540,000,000","1,080,000,000","1,273,000,000","830,000,000","1,015,000,000","2,727,000,000","657,000,000","989,000,000","964,000,000","676,000,000","978,000,000","1,279,000,000","1,364,000,000","1,268,000,000","967,000,000","917,000,000","760,000,000","713,000,000","521,000,000","538,000,000","404,000,000","437,000,000","464,000,000","423,000,000","356,000,000","228,000,000","241,000,000","215,000,000","452,000,000","266,000,000","327,000,000","424,000,000","403,000,000","159,000,000","311,000,000","407,000,000","418,200,000","396,200,000","780,400,000","662,600,000","214,400,000","158,800,000"
				CashFinancial,"848,000,000","805,000,000","870,000,000","800,000,000","753,000,000","625,000,000","523,000,000","468,000,000","354,000,000","446,000,000","458,000,000","412,000,000","285,000,000","230,000,000","150,000,000","163,000,000","236,000,000","259,000,000","187,000,000","190,000,000","228,000,000","211,000,000","193,000,000","205,000,000","229,000,000","228,000,000","249,000,000","261,000,000","250,000,000","215,000,000","227,000,000","233,000,000","242,000,000","217,000,000","98,000,000","155,000,000","158,000,000","222,000,000",,,,,,,,,,,,,,,,,,,,,,,,,,,,,,,,,,,,,,,,,,,,,,,,,,,,,,,,,,,,,,,,,,,,,,,,,,,,,,,,,,,,,,,,,,,,,,,,,
				CashEquivalents,"2,657,000,000","3,826,000,000","4,793,000,000","2,849,000,000","1,689,000,000","2,482,000,000","2,299,000,000","3,826,000,000","2,164,000,000","1,991,000,000","3,435,000,000","3,401,000,000","3,435,000,000","2,208,000,000","1,352,000,000","2,756,000,000","1,481,000,000","1,397,000,000","1,109,000,000","950,000,000","845,000,000","943,000,000","1,176,000,000","1,030,000,000","1,052,000,000","772,000,000","884,000,000","923,000,000","992,000,000","984,000,000","1,079,000,000","983,000,000","1,323,000,000","1,410,000,000","1,337,000,000","1,025,000,000","1,235,000,000","1,194,000,000",,,,,,,,,,,,,,,,,,,,,,,,,,,,,,,,,,,,,,,,,,,,,,,,,,,,,,,,,,,,,,,,,,,,,,,,,,,,,,,,,,,,,,,,,,,,,,,,,
			OtherShortTermInvestments,"6,320,000,000","5,108,000,000","4,119,000,000","3,741,000,000","4,244,000,000","3,461,000,000","2,696,000,000","666,000,000","2,224,000,000","2,950,000,000","1,174,000,000","405,000,000","366,000,000","1,795,000,000","3,611,000,000","2,211,000,000","2,362,000,000","2,813,000,000","2,148,000,000","1,844,000,000","1,976,000,000","2,336,000,000","1,768,000,000","1,304,000,000","1,519,000,000","2,218,000,000","1,602,000,000","2,122,000,000","2,062,000,000","2,342,000,000","1,880,000,000","1,588,000,000","2,467,000,000","2,202,000,000","2,158,000,000","2,064,000,000","2,469,000,000","2,549,000,000","2,451,000,000","1,141,000,000","1,572,000,000","1,943,000,000","1,037,000,000","1,899,000,000","1,514,000,000","1,753,000,000","1,417,000,000","1,167,000,000","1,574,000,000","1,743,000,000","1,533,000,000","792,000,000","990,000,000","1,494,000,000","278,000,000","331,000,000","426,000,000","1,596,000,000","2,862,000,000","2,315,000,000","2,371,000,000","2,534,000,000","2,754,000,000","3,992,000,000","2,942,000,000","4,116,000,000","3,305,000,000","2,345,000,000","3,284,000,000","3,690,000,000","2,312,000,000","2,311,000,000","2,522,000,000","2,511,000,000","2,360,000,000","2,075,000,000","1,847,000,000","2,063,000,000","1,624,000,000","1,983,000,000","2,302,000,000","2,513,000,000","2,605,000,000","2,472,000,000","2,785,000,000","3,258,000,000","3,617,000,000","2,768,000,000","1,755,000,000","2,000,000,000","1,724,000,000","1,409,000,000","1,316,000,000","1,709,000,000","1,062,000,000","1,131,000,000","1,536,000,000","2,005,000,000","1,509,000,000","534,000,000","63,000,000","14,000,000","8,000,000","39,000,000","52,000,000","189,000,000","335,000,000","485,000,000","427,000,000","530,000,000","528,000,000","675,000,000","616,000,000","484,000,000",,,,,,,,,,,,,,,,,,,,,
		Receivables,"1,795,000,000","1,701,000,000","1,653,000,000","1,591,000,000","1,584,000,000","1,414,000,000","1,392,000,000","1,176,000,000","1,316,000,000","1,074,000,000","1,342,000,000","1,419,000,000","1,440,000,000","1,207,000,000","1,585,000,000","1,551,000,000","1,454,000,000","1,278,000,000","1,576,000,000","1,469,000,000","1,337,000,000","1,267,000,000","1,447,000,000","1,348,000,000","1,269,000,000","1,165,000,000","1,481,000,000","1,434,000,000","1,394,000,000","1,246,000,000","1,477,000,000","1,527,000,000","1,355,000,000","1,203,000,000","1,524,000,000","1,491,000,000","1,333,000,000","1,230,000,000","1,623,000,000","1,629,000,000","1,478,000,000","1,545,000,000","1,784,000,000","1,672,000,000","1,568,000,000","1,518,000,000","1,754,000,000","1,715,000,000","1,526,000,000","1,277,000,000","1,435,000,000","1,244,000,000","1,125,000,000","913,000,000","1,774,000,000","1,811,000,000","1,669,000,000","1,742,000,000","2,023,000,000","1,897,000,000","1,756,000,000","1,774,000,000","2,089,000,000","1,929,000,000","1,798,000,000","1,812,000,000","1,915,000,000","1,902,000,000","1,696,000,000","1,696,000,000","1,965,000,000","1,930,000,000","1,678,000,000","1,451,000,000","1,522,000,000","1,440,000,000","1,365,000,000","1,217,000,000","1,503,000,000","1,535,000,000","1,249,000,000","1,198,000,000","1,449,000,000","1,666,000,000","1,948,000,000","2,204,000,000","2,362,000,000","2,098,000,000","1,911,000,000","1,843,000,000","2,030,000,000","1,749,000,000","1,471,000,000","1,343,000,000","1,406,000,000","1,581,000,000","1,666,000,000","1,705,000,000","1,766,000,000","1,769,000,000","1,699,000,000","1,799,000,000","2,174,000,000","1,976,000,000","2,057,000,000","2,320,000,000","2,205,000,000","1,941,000,000","1,664,000,000","1,442,000,000","1,458,000,000","1,446,000,000","1,350,000,000","1,218,000,000","1,181,000,000","1,044,000,000","1,007,000,000","975,000,000","1,110,000,000","1,140,000,000","907,000,000","905,000,000","1,033,000,000","946,000,000","888,000,000","944,000,000","1,167,000,000","974,000,000","916,000,000","942,900,000","905,300,000","942,100,000","848,200,000","669,700,000","620,100,000"
			AccountsReceivable,"1,795,000,000","1,701,000,000","1,653,000,000","1,591,000,000","1,584,000,000","1,414,000,000","1,392,000,000","1,176,000,000","1,316,000,000","1,074,000,000","1,342,000,000","1,419,000,000","1,440,000,000","1,207,000,000","1,585,000,000","1,551,000,000","1,454,000,000","1,278,000,000","1,576,000,000","1,469,000,000","1,337,000,000","1,267,000,000","1,447,000,000","1,348,000,000","1,269,000,000","1,165,000,000","1,481,000,000","1,434,000,000","1,394,000,000","1,246,000,000","1,477,000,000","1,527,000,000","1,355,000,000","1,203,000,000","1,524,000,000","1,491,000,000","1,333,000,000","1,230,000,000","1,623,000,000","1,629,000,000","1,478,000,000","1,545,000,000","1,784,000,000","1,672,000,000","1,568,000,000","1,518,000,000","1,754,000,000","1,715,000,000","1,526,000,000","1,277,000,000","1,435,000,000","1,244,000,000","1,125,000,000","913,000,000","1,774,000,000","1,811,000,000","1,669,000,000","1,742,000,000","2,023,000,000","1,897,000,000","1,756,000,000","1,774,000,000","2,089,000,000","1,929,000,000","1,798,000,000","1,812,000,000","1,915,000,000","1,902,000,000","1,696,000,000","1,696,000,000","1,965,000,000","1,930,000,000","1,678,000,000","1,451,000,000","1,522,000,000","1,440,000,000","1,365,000,000","1,217,000,000","1,503,000,000","1,535,000,000","1,249,000,000","1,198,000,000","1,449,000,000","1,666,000,000","1,948,000,000","2,204,000,000","2,362,000,000","2,098,000,000","1,911,000,000","1,843,000,000","2,030,000,000","1,749,000,000","1,471,000,000","1,343,000,000","1,406,000,000","1,581,000,000","1,666,000,000","1,705,000,000","1,766,000,000","1,769,000,000","1,699,000,000","1,799,000,000","2,174,000,000","1,976,000,000","2,057,000,000","2,320,000,000","2,205,000,000","1,941,000,000","1,664,000,000","1,442,000,000","1,458,000,000","1,446,000,000","1,350,000,000","1,218,000,000",,,,,,,,,,,,,,,,,,,,,
				GrossAccountsReceivable,"1,804,000,000","1,709,000,000","1,662,000,000","1,600,000,000","1,593,000,000","1,425,000,000","1,404,000,000","1,185,000,000","1,324,000,000","1,082,000,000","1,355,000,000","1,434,000,000","1,457,000,000","1,226,000,000","1,598,000,000","1,560,000,000","1,462,000,000","1,286,000,000","1,590,000,000","1,485,000,000","1,348,000,000","1,284,000,000","1,461,000,000","1,368,000,000","1,280,000,000","1,172,000,000","1,497,000,000","1,451,000,000","1,406,000,000","1,258,000,000","1,492,000,000","1,541,000,000","1,378,000,000","1,225,000,000","1,553,000,000","1,522,000,000","1,359,000,000","1,261,000,000","1,646,000,000","1,651,000,000","1,510,000,000","1,564,000,000","1,810,000,000","1,695,000,000",,,,,,,,,,,,,,,,,,,,,,,,,,,,,,,,,,,,,,,,,,,,,,,,,,,,,,,,,,,,,,,,,,,,,,,,,,,,,,,,,,,,,,,,,,,
				AllowanceForDoubtfulAccountsReceivable,"-9,000,000","-8,000,000","-9,000,000","-9,000,000","-9,000,000","-11,000,000","-12,000,000","-9,000,000","-8,000,000","-8,000,000","-13,000,000","-15,000,000","-17,000,000","-19,000,000","-13,000,000","-9,000,000","-8,000,000","-8,000,000","-14,000,000","-16,000,000","-11,000,000","-17,000,000","-14,000,000","-20,000,000","-11,000,000","-7,000,000","-16,000,000","-17,000,000","-12,000,000","-12,000,000","-15,000,000","-14,000,000","-23,000,000","-22,000,000","-29,000,000","-31,000,000","-26,000,000","-31,000,000","-23,000,000","-22,000,000","-32,000,000","-19,000,000","-26,000,000","-23,000,000",,,,,,,,,,,,,,,,,,,,,,,,,,,,,,,,,,,,,,,,,,,,,,,,,,,,,,,,,,,,,,,,,,,,,,,,,,,,,,,,,,,,,,,,,,,
		Inventory,"2,060,000,000","1,910,000,000","1,863,000,000","1,856,000,000","1,890,000,000","1,955,000,000","2,072,000,000","2,136,000,000","2,003,000,000","2,001,000,000","2,040,000,000","2,079,000,000","2,131,000,000","2,217,000,000","2,116,000,000","2,090,000,000","2,032,000,000","1,957,000,000","1,908,000,000","1,947,000,000","1,843,000,000","1,790,000,000","1,808,000,000","1,876,000,000","1,805,000,000","1,691,000,000","1,771,000,000","1,885,000,000","1,844,000,000","1,784,000,000","1,751,000,000","1,744,000,000","1,714,000,000","1,731,000,000","1,726,000,000","1,720,000,000","1,700,000,000","1,757,000,000","1,848,000,000","1,885,000,000","1,853,000,000","1,788,000,000","1,965,000,000","1,762,000,000","1,678,000,000","1,520,000,000","1,424,000,000","1,349,000,000","1,276,000,000","1,202,000,000","1,116,000,000","1,063,000,000","1,098,000,000","1,375,000,000","1,575,000,000","1,651,000,000","1,578,000,000","1,418,000,000","1,450,000,000","1,424,000,000","1,409,000,000","1,437,000,000","1,491,000,000","1,335,000,000","1,246,000,000","1,273,000,000","1,158,000,000","1,202,000,000","1,245,000,000","1,256,000,000","1,356,000,000","1,285,000,000","1,148,000,000","984,000,000","995,000,000","1,000,000,000","882,000,000","790,000,000","823,000,000","820,000,000","768,000,000","751,000,000","900,000,000","1,082,000,000","1,180,000,000","1,233,000,000","1,122,000,000","1,019,000,000","937,000,000","845,000,000","753,000,000","689,000,000","641,000,000","596,000,000","570,000,000","706,000,000","776,000,000","742,000,000","758,000,000","737,000,000","663,000,000","703,000,000","1,003,000,000","1,155,000,000","1,151,000,000","1,135,000,000","1,063,000,000","1,012,000,000","944,000,000","882,000,000","870,000,000","884,000,000","843,000,000","822,000,000","893,000,000","790,000,000","767,000,000","734,000,000","798,000,000","812,000,000","830,000,000","815,000,000","859,000,000","874,000,000","912,000,000","887,000,000","896,000,000","893,000,000","859,000,000","806,400,000","887,700,000","769,700,000","738,700,000","609,500,000","447,700,000"
			RawMaterials,"265,000,000","245,000,000","224,000,000","201,000,000","183,000,000","180,000,000","192,000,000","182,000,000","175,000,000","176,000,000","175,000,000","176,000,000","191,000,000","181,000,000","171,000,000","155,000,000","144,000,000","126,000,000","120,000,000","109,000,000","102,000,000","102,000,000","104,000,000","104,000,000","105,000,000","109,000,000","108,000,000","112,000,000","107,000,000","101,000,000","97,000,000","93,000,000","95,000,000","102,000,000","107,000,000","101,000,000","99,000,000","116,000,000","124,000,000","123,000,000","114,000,000","115,000,000","148,000,000","148,000,000","132,000,000","122,000,000","114,000,000","98,000,000","95,000,000","93,000,000","89,000,000","81,000,000","77,000,000","99,000,000","103,000,000","111,000,000","111,000,000","105,000,000","102,000,000","106,000,000","114,000,000","105,000,000","117,000,000","108,000,000","91,000,000","122,000,000","114,000,000","116,000,000","113,000,000","117,000,000","122,000,000","135,000,000","126,000,000","106,000,000","106,000,000","113,000,000","107,000,000","121,000,000","128,000,000","124,000,000","122,000,000","133,000,000","162,000,000","188,000,000","218,000,000",,"221,000,000","171,000,000","164,000,000","161,000,000","118,000,000","89,000,000","80,000,000","77,000,000","118,000,000","108,000,000","113,000,000","105,000,000","114,000,000","108,000,000","103,000,000","111,000,000","242,000,000","246,000,000","248,000,000","299,000,000","308,000,000","314,000,000","282,000,000","237,000,000","237,000,000","246,000,000","244,000,000","244,000,000",,,,,,,,,,,,,,,,,,,,,
			WorkInProcess,"1,151,000,000","1,067,000,000","1,034,000,000","996,000,000","980,000,000","964,000,000","959,000,000","977,000,000","915,000,000","916,000,000","955,000,000","958,000,000","1,016,000,000","1,070,000,000","1,058,000,000","1,079,000,000","1,076,000,000","1,089,000,000","1,103,000,000","1,099,000,000","1,017,000,000","954,000,000","949,000,000","946,000,000","888,000,000","846,000,000","913,000,000","940,000,000","906,000,000","896,000,000","905,000,000","894,000,000","898,000,000","919,000,000","954,000,000","926,000,000","930,000,000","935,000,000","988,000,000","1,040,000,000","996,000,000","1,004,000,000","1,185,000,000","970,000,000","934,000,000","919,000,000","875,000,000","812,000,000","812,000,000","758,000,000","767,000,000","699,000,000","712,000,000","837,000,000","982,000,000","997,000,000","943,000,000","876,000,000","934,000,000","876,000,000","879,000,000","930,000,000","946,000,000","818,000,000","819,000,000","827,000,000","719,000,000","700,000,000","756,000,000","756,000,000","885,000,000","799,000,000","692,000,000","624,000,000","625,000,000","590,000,000","546,000,000","478,000,000","495,000,000","474,000,000","443,000,000","407,000,000","530,000,000","613,000,000","678,000,000",,"647,000,000","565,000,000","508,000,000","463,000,000","411,000,000","380,000,000","365,000,000","354,000,000","264,000,000","310,000,000","360,000,000","364,000,000","363,000,000","356,000,000","337,000,000","361,000,000","728,000,000","716,000,000","723,000,000","607,000,000","593,000,000","587,000,000","596,000,000","553,000,000","597,000,000","571,000,000","555,000,000","557,000,000",,,,,,,,,,,,,,,,,,,,,
			FinishedGoods,"644,000,000","598,000,000","605,000,000","659,000,000","727,000,000","811,000,000","921,000,000","977,000,000","913,000,000","909,000,000","910,000,000","945,000,000","924,000,000","966,000,000","887,000,000","856,000,000","812,000,000","742,000,000","685,000,000","739,000,000","724,000,000","734,000,000","755,000,000","826,000,000","812,000,000","736,000,000","750,000,000","833,000,000","831,000,000","787,000,000","749,000,000","757,000,000","721,000,000","710,000,000","665,000,000","693,000,000","671,000,000","706,000,000","736,000,000","722,000,000","743,000,000","669,000,000","632,000,000","644,000,000","612,000,000","479,000,000","435,000,000","439,000,000","369,000,000","351,000,000","260,000,000","283,000,000","309,000,000","439,000,000","490,000,000","543,000,000","524,000,000","437,000,000","414,000,000","442,000,000","416,000,000","402,000,000","428,000,000","409,000,000","336,000,000","324,000,000","325,000,000","386,000,000","376,000,000","383,000,000","349,000,000","351,000,000","330,000,000","254,000,000","264,000,000","297,000,000","229,000,000","191,000,000","200,000,000","222,000,000","203,000,000","211,000,000","208,000,000","281,000,000","284,000,000",,"254,000,000","283,000,000","265,000,000","221,000,000","224,000,000","220,000,000","196,000,000","165,000,000","188,000,000","288,000,000","303,000,000","273,000,000","281,000,000","273,000,000","223,000,000","231,000,000","293,000,000","397,000,000","376,000,000","434,000,000","354,000,000","313,000,000","264,000,000","318,000,000","274,000,000","277,000,000","253,000,000","250,000,000",,,,,,,,,,,,,,,,,,,,,
			InventoriesAdjustmentsAllowances,,,,,,,,,,,,,,,,,,,,,,,,,,,,,,,,,,,,,,,,,,,,,,,,,,,,,,,,,,,,,,,,,,,,,,,,,,,,,,,,,,,,,,,,,,,,,,,,,,,,,,,"-260,000,000","-204,000,000","-196,000,000","-205,000,000","-192,000,000","-202,000,000","-198,000,000","-226,000,000","-238,000,000","-210,000,000","-209,000,000","-229,000,000",,,,,,,,,,,,,,,,,,,,,
		PrepaidAssets,"330,000,000","335,000,000","287,000,000","340,000,000","245,000,000","302,000,000","277,000,000","216,000,000","249,000,000","299,000,000","264,000,000","240,000,000","294,000,000","132,000,000","654,000,000","821,000,000","1,025,000,000","1,030,000,000","1,063,000,000","1,111,000,000","811,000,000","910,000,000","789,000,000","926,000,000","785,000,000","1,000,000,000","945,000,000","1,088,000,000","810,000,000","850,000,000","887,000,000","914,000,000","796,000,000","863,000,000","219,000,000","513,000,000","259,000,000","234,000,000","409,000,000","351,000,000","303,000,000","386,000,000","303,000,000","233,000,000","170,000,000","180,000,000","179,000,000","195,000,000","174,000,000","164,000,000","168,000,000","208,000,000","207,000,000","267,000,000","191,000,000","259,000,000","193,000,000","180,000,000","209,000,000","246,000,000","257,000,000","181,000,000","190,000,000","215,000,000","248,000,000","146,000,000","226,000,000","320,000,000","413,000,000","326,000,000","541,000,000","491,000,000","545,000,000","496,000,000","398,000,000","327,000,000","379,000,000","562,000,000","205,000,000","237,000,000","258,000,000","328,000,000","380,000,000","122,000,000","140,000,000","80,000,000","100,000,000","116,000,000","113,000,000","100,000,000","99,000,000","87,000,000","73,000,000","75,000,000","68,000,000","78,000,000","66,000,000","59,000,000","50,000,000","55,000,000","54,000,000","50,000,000","57,000,000","59,000,000","65,000,000","57,000,000","52,000,000","60,000,000","56,000,000","66,000,000","66,000,000","65,000,000","62,000,000","55,000,000",,,,,,,,,,,,,,,,,,,,,
		CurrentDeferredAssets,,,,,,,,,,,,,,,,,,,,,,,,,,,"357,000,000","347,000,000","340,000,000","347,000,000","378,000,000","389,000,000","383,000,000","393,000,000","1,039,000,000","1,070,000,000","1,051,000,000","1,044,000,000","1,043,000,000","1,155,000,000","1,192,000,000","1,174,000,000","1,046,000,000","793,000,000","771,000,000","770,000,000","601,000,000","566,000,000","556,000,000","546,000,000","592,000,000","668,000,000","676,000,000","695,000,000","679,000,000","641,000,000","659,000,000","654,000,000","702,000,000","1,072,000,000","1,071,000,000","741,000,000","666,000,000","632,000,000","626,000,000","619,000,000","581,000,000","597,000,000","577,000,000","554,000,000","451,000,000","467,000,000","490,000,000","449,000,000","576,000,000","586,000,000","560,000,000","545,000,000","600,000,000","582,000,000","602,000,000","554,000,000","383,000,000","394,000,000","547,000,000","595,000,000","569,000,000","556,000,000","583,000,000","605,000,000","591,000,000","553,000,000","574,000,000","583,000,000","538,000,000","531,000,000","576,000,000","577,000,000","532,000,000","427,000,000","402,000,000","395,000,000","474,000,000","492,000,000","464,000,000","453,000,000","360,000,000","349,000,000","355,000,000","337,000,000","334,000,000","342,000,000","333,000,000","331,000,000",,,,,,,,,,,,,,,,,,,,,
			CurrentDeferredTaxesAssets,,,,,,,,,,,,,,,,,,,,,,,,,,,"357,000,000","347,000,000","340,000,000","347,000,000","378,000,000","389,000,000","383,000,000","393,000,000","1,039,000,000","1,070,000,000","1,051,000,000","1,044,000,000","1,043,000,000","1,155,000,000","1,192,000,000","1,174,000,000","1,046,000,000","793,000,000","771,000,000","770,000,000","601,000,000","566,000,000","556,000,000","546,000,000","592,000,000","668,000,000","676,000,000","695,000,000","679,000,000","641,000,000","659,000,000","654,000,000","702,000,000","1,072,000,000","1,071,000,000","741,000,000","666,000,000","632,000,000","626,000,000","619,000,000","581,000,000","597,000,000","577,000,000","554,000,000","451,000,000","467,000,000","490,000,000","449,000,000","576,000,000","586,000,000","560,000,000","545,000,000","600,000,000","582,000,000","602,000,000","554,000,000","383,000,000","394,000,000","547,000,000","595,000,000","569,000,000","556,000,000","583,000,000","605,000,000","591,000,000","553,000,000","574,000,000","583,000,000","538,000,000","531,000,000","576,000,000","577,000,000","532,000,000","427,000,000","402,000,000","395,000,000","474,000,000","492,000,000","464,000,000","453,000,000","360,000,000","349,000,000","355,000,000","337,000,000","334,000,000","342,000,000","333,000,000","331,000,000",,,,,,,,,,,,,,,,,,,,,
		AssetsHeldForSaleCurrent,,,,,,,,,,,,,,,,,,,,,,,,,,,,,,,"77,000,000","78,000,000","80,000,000",,,,,,,,,,,,,,,,,,,,,,,,,,,,,,,,,,,,,,,,,,,,,,,,,,,,,,,,,,,,,,,,,,,,,,,,,,,,,,,,,,,,,,,,,,,,,,,,,,,,,,
		OtherCurrentAssets,,,,,,,,,,,,,,"308,000,000",,,,,,,,,,,,,,,,,,,,,,,,,,,,,,,,,,,,,,,,,,,,,,,"4,000,000","4,000,000","1,000,000","11,000,000","495,000,000",,,,,,,,,,,,,,,,,,,,,,,,,,,,,,,,,,,"524,000,000","553,000,000","529,000,000",,,,,,,,,,,,,"856,000,000","709,000,000","673,000,000","561,000,000","510,000,000","333,000,000","183,000,000","209,000,000","223,000,000","75,000,000","79,000,000","71,000,000","74,000,000","73,000,000","98,000,000","278,900,000","307,500,000","56,400,000","313,300,000","287,800,000","304,100,000"
	TotalNonCurrentAssets,"11,266,000,000","10,991,000,000","9,688,000,000","9,426,000,000","9,234,000,000","9,112,000,000","8,948,000,000","8,957,000,000","8,973,000,000","9,257,000,000","9,279,000,000","9,428,000,000","9,492,000,000","9,040,000,000","9,105,000,000","8,935,000,000","8,917,000,000","8,908,000,000","8,938,000,000","8,927,000,000","8,938,000,000","8,974,000,000","9,035,000,000","9,004,000,000","9,027,000,000","9,156,000,000","9,251,000,000","9,472,000,000","9,654,000,000","9,954,000,000","10,144,000,000","10,354,000,000","10,575,000,000","10,919,000,000","11,143,000,000","11,360,000,000","11,496,000,000","11,791,000,000","11,930,000,000","12,168,000,000","12,418,000,000","12,669,000,000","13,191,000,000","6,238,000,000","6,266,000,000","6,341,000,000","6,181,000,000","6,034,000,000","6,047,000,000","6,005,000,000","5,765,000,000","5,770,000,000","5,988,000,000","6,133,000,000","6,254,000,000","6,372,000,000","6,363,000,000","5,749,000,000","5,671,000,000","5,800,000,000","5,917,000,000","6,076,000,000","6,164,000,000","6,136,000,000","5,961,000,000","5,878,000,000","5,853,000,000","5,987,000,000","5,974,000,000","6,109,000,000","7,838,000,000","7,943,000,000","7,787,000,000","7,801,000,000","8,292,000,000","8,187,000,000","8,273,000,000","8,553,000,000","9,180,000,000","9,345,000,000","10,046,000,000","10,004,000,000","9,140,000,000","10,424,000,000","10,338,000,000","9,605,000,000","9,631,000,000","11,671,000,000","11,526,000,000","8,973,000,000","7,710,000,000","6,226,000,000","6,147,000,000","6,404,000,000","5,794,000,000","4,950,000,000","4,920,000,000","4,746,000,000","4,732,000,000","4,684,000,000","4,840,000,000","4,906,000,000","5,165,000,000","4,542,000,000","4,054,000,000","3,697,000,000","3,361,000,000","3,147,000,000","3,058,000,000","2,972,000,000","2,874,000,000","2,744,000,000","2,692,000,000","2,679,000,000","2,689,000,000","2,711,000,000","2,717,000,000","2,559,000,000","2,484,000,000","2,513,000,000","2,564,000,000","2,628,000,000","2,707,000,000","2,782,000,000","2,755,000,000","2,743,000,000","2,680,000,000","2,591,000,000","2,460,000,000","2,358,000,000","2,184,000,000","1,878,900,000","1,693,500,000","1,555,300,000","1,545,400,000"
		NetPPE,"5,439,000,000","5,141,000,000","4,021,000,000","3,678,000,000","3,431,000,000","3,269,000,000","3,190,000,000","3,201,000,000","3,233,000,000","3,303,000,000","3,318,000,000","3,365,000,000","3,318,000,000","3,183,000,000","3,051,000,000","2,855,000,000","2,736,000,000","2,664,000,000","2,567,000,000","2,514,000,000","2,501,000,000","2,512,000,000","2,545,000,000","2,557,000,000","2,554,000,000","2,596,000,000","2,629,000,000","2,685,000,000","2,758,000,000","2,840,000,000","2,930,000,000","3,044,000,000","3,179,000,000","3,399,000,000","3,509,000,000","3,611,000,000","3,739,000,000","3,912,000,000","4,055,000,000","4,174,000,000","4,278,000,000","4,428,000,000","4,572,000,000","3,714,000,000","3,657,000,000","3,680,000,000","3,456,000,000","3,240,000,000","3,162,000,000","3,158,000,000","2,945,000,000","2,940,000,000","3,115,000,000","3,304,000,000","3,517,000,000","3,604,000,000","3,585,000,000","3,609,000,000","3,681,000,000","3,798,000,000","3,880,000,000","3,950,000,000","3,989,000,000","3,984,000,000","3,868,000,000","3,899,000,000","3,865,000,000","3,757,000,000","3,845,000,000","3,918,000,000","4,119,000,000","4,177,000,000","4,188,000,000","4,132,000,000","4,241,000,000","4,376,000,000","4,576,000,000","4,794,000,000","4,959,000,000","5,084,000,000","5,301,000,000","5,589,000,000","5,830,000,000","5,943,000,000","5,993,000,000","5,447,000,000","4,855,000,000","4,488,000,000","4,216,000,000","3,835,000,000","3,519,000,000","3,407,000,000","3,326,000,000","3,373,000,000","3,506,000,000","4,267,000,000","4,283,000,000","4,180,000,000","4,158,000,000","4,120,000,000","4,092,000,000","4,162,000,000","4,342,000,000","3,895,000,000","3,516,000,000","3,187,000,000","2,855,000,000","2,674,000,000","2,588,000,000","2,568,000,000","2,447,000,000","2,328,000,000","2,238,000,000","2,203,000,000","2,157,000,000","2,145,000,000","2,129,000,000","2,133,000,000","2,152,000,000","2,198,000,000","2,282,000,000","2,354,000,000","2,427,000,000","2,484,000,000","2,497,000,000","2,480,000,000","2,428,000,000","2,339,000,000","2,229,000,000","2,129,700,000","1,983,700,000","1,726,100,000","1,519,700,000","1,437,000,000","1,450,000,000"
			GrossPPE,"8,236,000,000","7,858,000,000","6,661,000,000","6,235,000,000","5,967,000,000","5,781,000,000","5,698,000,000","5,741,000,000","5,736,000,000","5,740,000,000","5,683,000,000","5,706,000,000","5,642,000,000","5,425,000,000","5,250,000,000","5,025,000,000","4,907,000,000","4,789,000,000","4,668,000,000","4,656,000,000","4,833,000,000","4,923,000,000","4,982,000,000","5,152,000,000","5,290,000,000","5,465,000,000","5,742,000,000","6,097,000,000","6,177,000,000","6,266,000,000","6,393,000,000","6,452,000,000","6,426,000,000","6,556,000,000","6,539,000,000","6,679,000,000","6,773,000,000","6,891,000,000","6,806,000,000","6,840,000,000","6,840,000,000","7,133,000,000","7,239,000,000","6,573,000,000","6,712,000,000","6,907,000,000","6,897,000,000","6,831,000,000","6,763,000,000","6,705,000,000","6,599,000,000","6,739,000,000","7,030,000,000","7,321,000,000","7,499,000,000","7,603,000,000","7,493,000,000","7,568,000,000","7,597,000,000","7,657,000,000","7,715,000,000","7,751,000,000","7,890,000,000","8,406,000,000","8,442,000,000","8,921,000,000","9,189,000,000","9,323,000,000","9,409,000,000","9,573,000,000","9,830,000,000","9,831,000,000","9,738,000,000","9,549,000,000","9,443,000,000","9,362,000,000","9,438,000,000","9,516,000,000","9,510,000,000","9,486,000,000","9,538,000,000","9,683,000,000","9,575,000,000","9,724,000,000","9,702,000,000","9,099,000,000","8,478,000,000","7,973,000,000","7,583,000,000","7,120,000,000","6,747,000,000","6,626,000,000","6,455,000,000","6,379,000,000","6,558,000,000","7,761,000,000","7,672,000,000","7,414,000,000","7,212,000,000","6,994,000,000","6,816,000,000","6,712,000,000","7,214,000,000","6,534,000,000","6,040,000,000","5,631,000,000","5,239,000,000","5,026,000,000","4,915,000,000","4,895,000,000","4,818,000,000","4,695,000,000","4,612,000,000","4,620,000,000","4,568,000,000","4,558,000,000","4,492,000,000","4,443,100,000","4,408,000,000","4,386,000,000","4,372,000,000","4,361,000,000","4,364,000,000","4,352,000,000","4,296,000,000","4,217,000,000","4,089,000,000","3,941,000,000","3,784,000,000","3,641,100,000","3,440,200,000","3,073,700,000","3,026,700,000","2,889,700,000","2,775,600,000"
				Properties,,"0",,,,"0",,,,"0",,,,"0",,,,"0",,,,"0",,,,"0",,,,"0",,,,"0",,,,"0",,,,"0",,,,"0",,,,"0",,,,"0",,,,"0",,,,"0",,,,"0",,,,"0",,,,"0",,,,"0",,,,,,,,,,,,,,,,,,,,,,,,,,,,,,,,,,,,,,,,,,,,,,,,,,,,,,,,,
				LandAndImprovements,,"132,000,000",,,,"125,000,000",,,,"126,000,000",,,,"128,000,000",,,,"127,000,000",,,,"127,000,000",,,,"127,000,000",,,,"137,000,000",,,,"175,000,000",,,,"189,000,000",,,,"188,000,000",,,,"92,000,000",,,,"83,000,000",,,,"83,000,000",,,,"82,000,000",,,,"82,000,000",,,,"84,000,000",,,,"88,000,000",,,,"100,000,000",,,,"93,000,000",,,,,,,,,,,,,,,,,,,,,,,,,,,,,,,,,,,,,,,,,,,,,,,,,,,,,,,,,
				BuildingsAndImprovements,,"3,490,000,000",,,,"2,571,000,000",,,,"2,504,000,000",,,,"2,497,000,000",,,,"2,467,000,000",,,,"2,753,000,000",,,,"2,789,000,000",,,,"2,801,000,000",,,,"2,913,000,000",,,,"3,006,000,000",,,,"2,998,000,000",,,,"2,815,000,000",,,,"2,867,000,000",,,,"2,948,000,000",,,,"2,895,000,000",,,,"2,890,000,000",,,,"3,054,000,000",,,,"2,800,000,000",,,,"2,917,000,000",,,,"2,891,000,000",,,,,,,,,,,,,,,,,,,,,,,,,,,,,,,,,,,,,,,,,,,,,,,,,,,,,,,,,
				MachineryFurnitureEquipment,,"4,236,000,000",,,,"3,085,000,000",,,,"3,110,000,000",,,,"2,800,000,000",,,,"2,195,000,000",,,,"2,043,000,000",,,,"2,549,000,000",,,,"3,328,000,000",,,,"3,468,000,000",,,,"3,696,000,000",,,,"3,947,000,000",,,,"4,000,000,000",,,,"3,755,000,000",,,,"4,290,000,000",,,,"4,591,000,000",,,,"4,779,000,000",,,,"5,783,000,000",,,,"6,685,000,000",,,,"6,532,000,000",,,,"6,532,000,000",,,,,,,,,,,,,,,,,,,,,,,,,,,,,,,,,,,,,,,,,,,,,,,,,,,,,,,,,
			AccumulatedDepreciation,"-2,797,000,000","-2,717,000,000","-2,640,000,000","-2,557,000,000","-2,536,000,000","-2,512,000,000","-2,508,000,000","-2,540,000,000","-2,503,000,000","-2,437,000,000","-2,365,000,000","-2,341,000,000","-2,324,000,000","-2,242,000,000","-2,199,000,000","-2,170,000,000","-2,171,000,000","-2,125,000,000","-2,101,000,000","-2,142,000,000","-2,332,000,000","-2,411,000,000","-2,437,000,000","-2,595,000,000","-2,736,000,000","-2,869,000,000","-3,113,000,000","-3,412,000,000","-3,419,000,000","-3,426,000,000","-3,463,000,000","-3,408,000,000","-3,247,000,000","-3,157,000,000","-3,030,000,000","-3,068,000,000","-3,034,000,000","-2,979,000,000","-2,751,000,000","-2,666,000,000","-2,562,000,000","-2,705,000,000","-2,667,000,000","-2,859,000,000","-3,055,000,000","-3,227,000,000","-3,441,000,000","-3,591,000,000","-3,601,000,000","-3,547,000,000","-3,654,000,000","-3,799,000,000","-3,915,000,000","-4,017,000,000","-3,982,000,000","-3,999,000,000","-3,908,000,000","-3,959,000,000","-3,916,000,000","-3,859,000,000","-3,835,000,000","-3,801,000,000","-3,901,000,000","-4,422,000,000","-4,574,000,000","-5,022,000,000","-5,324,000,000","-5,566,000,000","-5,564,000,000","-5,655,000,000","-5,711,000,000","-5,654,000,000","-5,550,000,000","-5,417,000,000","-5,202,000,000","-4,986,000,000","-4,862,000,000","-4,722,000,000","-4,551,000,000","-4,402,000,000","-4,237,000,000","-4,094,000,000","-3,745,000,000","-3,781,000,000","-3,709,000,000","-3,652,000,000","-3,623,000,000","-3,485,000,000","-3,367,000,000","-3,285,000,000","-3,228,000,000","-3,219,000,000","-3,129,000,000","-3,006,000,000","-3,052,000,000","-3,494,000,000","-3,389,000,000","-3,234,000,000","-3,054,000,000","-2,874,000,000","-2,724,000,000","-2,550,000,000","-2,872,000,000","-2,639,000,000","-2,524,000,000","-2,444,000,000","-2,384,000,000","-2,352,000,000","-2,327,000,000","-2,327,000,000","-2,371,000,000","-2,367,000,000","-2,374,000,000","-2,417,000,000","-2,411,000,000","-2,413,000,000","-2,363,000,000","-2,310,100,000","-2,256,000,000","-2,188,000,000","-2,090,000,000","-2,007,000,000","-1,937,000,000","-1,868,000,000","-1,799,000,000","-1,737,000,000","-1,661,000,000","-1,602,000,000","-1,555,000,000","-1,511,400,000","-1,456,500,000","-1,347,600,000","-1,507,000,000","-1,452,700,000","-1,325,600,000"
		GoodwillAndOtherIntangibleAssets,"4,453,000,000","4,447,000,000","4,459,000,000","4,518,000,000","4,580,000,000","4,636,000,000","4,684,000,000","4,743,000,000","4,790,000,000","4,771,000,000","4,829,000,000","4,919,000,000","5,009,000,000","5,079,000,000","5,163,000,000","5,250,000,000","5,330,000,000","5,418,000,000","5,498,000,000","5,581,000,000","5,662,000,000","5,678,000,000","5,756,000,000","5,838,000,000","5,918,000,000","5,991,000,000","6,078,000,000","6,167,000,000","6,257,000,000","6,347,000,000","6,437,000,000","6,525,000,000","6,615,000,000","6,703,000,000","6,806,000,000","6,909,000,000","7,004,000,000","7,062,000,000","7,261,000,000","7,363,000,000","7,468,000,000","7,558,000,000","7,674,000,000","1,171,000,000","1,186,000,000","1,205,000,000","1,225,000,000","1,252,000,000","1,256,000,000","1,169,000,000","1,188,000,000","1,216,000,000","1,192,000,000","1,113,000,000","1,141,000,000","1,168,000,000","1,168,000,000","1,180,000,000","1,146,000,000","1,168,000,000","1,203,000,000","1,098,000,000","1,098,000,000","1,106,000,000","1,015,000,000","777,000,000","1,046,000,000","1,082,000,000","1,091,000,000","812,000,000","818,000,000","831,000,000","847,000,000","862,000,000","887,000,000","798,000,000","809,000,000","823,000,000","827,000,000","846,000,000","740,000,000","748,000,000","792,000,000","829,000,000","874,000,000","961,000,000","1,017,000,000","466,000,000","500,000,000","503,000,000",,,,,,,,,,,,,,,,,,,,,,,,,,,,,,,,,,,,,,,,,,,,,
			Goodwill,"4,362,000,000","4,362,000,000","4,362,000,000","4,362,000,000","4,362,000,000","4,362,000,000","4,362,000,000","4,362,000,000","4,362,000,000","4,362,000,000","4,362,000,000","4,362,000,000","4,362,000,000","4,362,000,000","4,362,000,000","4,362,000,000","4,362,000,000","4,362,000,000","4,362,000,000","4,362,000,000","4,362,000,000","4,362,000,000","4,362,000,000","4,362,000,000","4,362,000,000","4,362,000,000","4,362,000,000","4,362,000,000","4,362,000,000","4,362,000,000","4,362,000,000","4,362,000,000","4,362,000,000","4,362,000,000","4,362,000,000","4,362,000,000","4,362,000,000","4,362,000,000","4,452,000,000","4,452,000,000","4,452,000,000","4,452,000,000","4,451,000,000","924,000,000","924,000,000","924,000,000","926,000,000","926,000,000","926,000,000","926,000,000","926,000,000","926,000,000","912,000,000","840,000,000","840,000,000","840,000,000","838,000,000","838,000,000","796,000,000","792,000,000","792,000,000","792,000,000","792,000,000","792,000,000","793,000,000",,,,,,,,,,,,,,,,"548,000,000","748,000,000",,,,,,,,"503,000,000",,,,,,,,,,,,,,,,,,,,,,,,,,,,,,,,,,,,,,,,,,,,,
			OtherIntangibleAssets,"91,000,000","85,000,000","97,000,000","156,000,000","218,000,000","274,000,000","322,000,000","381,000,000","428,000,000","409,000,000","467,000,000","557,000,000","647,000,000","717,000,000","801,000,000","888,000,000","968,000,000","1,056,000,000","1,136,000,000","1,219,000,000","1,300,000,000","1,316,000,000","1,394,000,000","1,476,000,000","1,556,000,000","1,629,000,000","1,716,000,000","1,805,000,000","1,895,000,000","1,985,000,000","2,075,000,000","2,163,000,000","2,253,000,000","2,341,000,000","2,444,000,000","2,547,000,000","2,642,000,000","2,700,000,000","2,809,000,000","2,911,000,000","3,016,000,000","3,106,000,000","3,223,000,000","247,000,000","262,000,000","281,000,000","299,000,000","326,000,000","330,000,000","243,000,000","262,000,000","290,000,000","280,000,000","273,000,000","301,000,000","328,000,000","330,000,000","342,000,000","350,000,000","376,000,000","411,000,000","306,000,000","306,000,000","314,000,000","222,000,000","777,000,000","1,046,000,000","1,082,000,000","1,091,000,000","812,000,000","818,000,000","831,000,000","847,000,000","862,000,000","887,000,000","798,000,000","809,000,000","823,000,000","827,000,000","846,000,000","192,000,000",,"792,000,000","829,000,000","874,000,000","961,000,000","1,017,000,000","466,000,000","500,000,000",,,,,,,,,,,,,,,,,,,,,,,,,,,,,,,,,,,,,,,,,,,,,,
		InvestmentsAndAdvances,,,,,,"49,000,000","47,000,000","36,000,000","34,000,000","300,000,000","298,000,000","300,000,000","281,000,000","251,000,000","278,000,000","271,000,000","271,000,000","268,000,000","258,000,000","250,000,000","241,000,000","235,000,000","233,000,000","224,000,000","220,000,000","221,000,000","216,000,000","228,000,000","232,000,000","224,000,000","219,000,000","219,000,000","212,000,000","216,000,000","210,000,000","203,000,000","204,000,000","215,000,000","225,000,000","218,000,000","239,000,000","265,000,000","350,000,000","334,000,000","449,000,000","453,000,000","523,000,000","557,000,000","641,000,000","637,000,000","627,000,000","632,000,000","645,000,000","653,000,000",,,,,,,,,,,,,,,,,,,,,,,,,,,,,,,,,,,,,,,,,,,,,,,,,,,,,,,,,,,,,,,,,,,,,,,,,,,,,,,,,
		NonCurrentDeferredAssets,"273,000,000","263,000,000","309,000,000","326,000,000","331,000,000","343,000,000","299,000,000","236,000,000","208,000,000","197,000,000","257,000,000","261,000,000","290,000,000","295,000,000","243,000,000","205,000,000","218,000,000","264,000,000","414,000,000","412,000,000","361,000,000","374,000,000","355,000,000","231,000,000","175,000,000","201,000,000","160,000,000","169,000,000","174,000,000","172,000,000","177,000,000","194,000,000","200,000,000","207,000,000","227,000,000","253,000,000","264,000,000","280,000,000","199,000,000","288,000,000","302,000,000","321,000,000","497,000,000","925,000,000","899,000,000","927,000,000","907,000,000","915,000,000","893,000,000","926,000,000","928,000,000","909,000,000","967,000,000","990,000,000","688,000,000","626,000,000","618,000,000","510,000,000","425,000,000","405,000,000","436,000,000","601,000,000","411,000,000","428,000,000","390,000,000","393,000,000","413,000,000","568,000,000","457,000,000","449,000,000","476,000,000","496,000,000","524,000,000","626,000,000","612,000,000","529,000,000","622,000,000","618,000,000","657,000,000","340,000,000","271,000,000","421,000,000","462,000,000","251,000,000","116,000,000","106,000,000","53,000,000","49,000,000","39,000,000","41,000,000","33,000,000","38,000,000","21,000,000","23,000,000","110,000,000","119,000,000","134,000,000","134,000,000","183,000,000","163,000,000","188,000,000","192,000,000","220,000,000","237,000,000","226,000,000","229,000,000","267,000,000","255,000,000","246,000,000","243,000,000","254,000,000","236,000,000","237,000,000","237,000,000",,,,,,,,,,,,,,,,,,,,,
			NonCurrentDeferredTaxesAssets,"273,000,000","263,000,000","309,000,000","326,000,000","331,000,000","343,000,000","299,000,000","236,000,000","208,000,000","197,000,000","257,000,000","261,000,000","290,000,000","295,000,000","243,000,000","205,000,000","218,000,000","264,000,000","414,000,000","412,000,000","361,000,000","374,000,000","355,000,000","231,000,000","175,000,000","201,000,000","160,000,000","169,000,000","174,000,000","172,000,000","177,000,000","194,000,000","200,000,000","207,000,000","227,000,000","253,000,000","264,000,000","280,000,000","199,000,000","288,000,000","302,000,000","321,000,000","497,000,000","925,000,000","899,000,000","927,000,000","907,000,000","915,000,000","893,000,000","926,000,000","928,000,000","909,000,000","967,000,000","990,000,000","688,000,000","626,000,000","618,000,000","510,000,000","425,000,000","405,000,000","436,000,000","601,000,000","411,000,000","428,000,000","390,000,000","393,000,000","413,000,000","568,000,000","457,000,000","449,000,000","476,000,000","496,000,000","524,000,000","626,000,000","612,000,000","529,000,000","622,000,000","618,000,000","657,000,000","340,000,000","271,000,000","421,000,000","462,000,000","251,000,000","116,000,000","106,000,000","53,000,000","49,000,000","39,000,000","41,000,000","33,000,000","38,000,000","21,000,000","23,000,000","110,000,000","119,000,000","134,000,000","134,000,000","183,000,000","163,000,000","188,000,000","192,000,000","220,000,000","237,000,000","226,000,000","229,000,000","267,000,000","255,000,000","246,000,000","243,000,000","254,000,000","236,000,000","237,000,000","237,000,000",,,,,,,,,,,,,,,,,,,,,
		DefinedPensionBenefit,"383,000,000","392,000,000","252,000,000","254,000,000","235,000,000","246,000,000","227,000,000","223,000,000","215,000,000","218,000,000","106,000,000","104,000,000","96,000,000","92,000,000","220,000,000","205,000,000","215,000,000","208,000,000","112,000,000","99,000,000","102,000,000","96,000,000","64,000,000","85,000,000","84,000,000","85,000,000","76,000,000","127,000,000","128,000,000","127,000,000","135,000,000","126,000,000","129,000,000","130,000,000","119,000,000","106,000,000","62,000,000","68,000,000","29,000,000","32,000,000","37,000,000","40,000,000","28,000,000","25,000,000","28,000,000","31,000,000","23,000,000","22,000,000","54,000,000","64,000,000","20,000,000","20,000,000","17,000,000","17,000,000",,,,,,,,,,,,,,,,,,,,,,,,,,,,,,,,,,,,,,,,,,,,,,,,,,,,,,,,,,,,,,,,,,,,,,,,,,,,,,,,,
		OtherNonCurrentAssets,"718,000,000","748,000,000","647,000,000","650,000,000","657,000,000","569,000,000","501,000,000","518,000,000","493,000,000","468,000,000","471,000,000","479,000,000","498,000,000","140,000,000","150,000,000","149,000,000","147,000,000","86,000,000","89,000,000","71,000,000","71,000,000","79,000,000","82,000,000","69,000,000","76,000,000","62,000,000","92,000,000","96,000,000","105,000,000","244,000,000","246,000,000","246,000,000","240,000,000","264,000,000","272,000,000","278,000,000","223,000,000","254,000,000","161,000,000","93,000,000","94,000,000","57,000,000","70,000,000","69,000,000","47,000,000","45,000,000","47,000,000","48,000,000","41,000,000","51,000,000","57,000,000","53,000,000","52,000,000","56,000,000","908,000,000","974,000,000","992,000,000","450,000,000","419,000,000","429,000,000","398,000,000","427,000,000","666,000,000","618,000,000","688,000,000","809,000,000","529,000,000","580,000,000","581,000,000","930,000,000","2,425,000,000","2,439,000,000","2,228,000,000","2,181,000,000","2,552,000,000","2,484,000,000","2,266,000,000","2,318,000,000","2,737,000,000","3,075,000,000","3,734,000,000","3,246,000,000","2,056,000,000","3,401,000,000","3,355,000,000","3,091,000,000","3,706,000,000","6,668,000,000","6,771,000,000","4,594,000,000","4,158,000,000","2,781,000,000","2,800,000,000","3,008,000,000","2,178,000,000","564,000,000","503,000,000","432,000,000","391,000,000","401,000,000","560,000,000","552,000,000","603,000,000","410,000,000","312,000,000","281,000,000","239,000,000","218,000,000","224,000,000","161,000,000","173,000,000","180,000,000","217,000,000","239,000,000","532,000,000","566,000,000","588,000,000","426,000,000","332,000,000","315,000,000","282,000,000","274,000,000","280,000,000","298,000,000","258,000,000","263,000,000","252,000,000","252,000,000","231,000,000","228,300,000","200,300,000","152,800,000","173,800,000","118,300,000","95,400,000"
TotalLiabilitiesNetMinorityInterest,"11,259,000,000","11,343,000,000","11,122,000,000","9,450,000,000","9,473,000,000","10,164,000,000","9,882,000,000","9,801,000,000","9,549,000,000","9,111,000,000","9,007,000,000","8,898,000,000","8,924,000,000","8,143,000,000","8,057,000,000","7,893,000,000","6,865,000,000","7,305,000,000","5,941,000,000","5,730,000,000","5,339,000,000","5,958,000,000","5,930,000,000","5,731,000,000","5,904,000,000","6,284,000,000","6,570,000,000","7,327,000,000","6,977,000,000","7,332,000,000","7,429,000,000","7,344,000,000","8,315,000,000","8,131,000,000","8,193,000,000","8,330,000,000","8,749,000,000","9,060,000,000","9,111,000,000","8,363,000,000","8,938,000,000","9,545,000,000","9,881,000,000","6,195,000,000","2,736,000,000","2,964,000,000","2,687,000,000","2,409,000,000","2,565,000,000","2,397,000,000","2,465,000,000","2,297,000,000","2,310,000,000","2,597,000,000","2,372,000,000","2,398,000,000","2,481,000,000","2,692,000,000","2,587,000,000","2,526,000,000","2,467,000,000","2,570,000,000","2,758,000,000","3,140,000,000","2,800,000,000","3,126,000,000","3,111,000,000","3,023,000,000","3,141,000,000","3,236,000,000","3,241,000,000","3,612,000,000","3,700,000,000","3,646,000,000","3,658,000,000","3,692,000,000","3,666,000,000","3,945,000,000","3,807,000,000","3,613,000,000","3,690,000,000","3,900,000,000","3,696,000,000","4,035,000,000","4,240,000,000","5,132,000,000","5,898,000,000","6,888,000,000","6,301,000,000","5,773,000,000","5,275,000,000","4,326,000,000","4,436,000,000","4,723,000,000","4,490,000,000","4,291,000,000","4,393,000,000","4,935,000,000","5,754,000,000","4,924,000,000","5,029,000,000","5,263,000,000","5,442,000,000","4,962,000,000","4,891,000,000","5,120,000,000","4,795,000,000","4,403,000,000","4,148,000,000","3,950,000,000","3,980,000,000","4,001,000,000","3,951,000,000","3,678,000,000","3,762,000,000","3,581,000,000","3,566,000,000","3,238,000,000","3,136,000,000","3,084,000,000","2,795,000,000","3,054,000,000","2,945,000,000","3,045,000,000","2,773,000,000","2,690,000,000","2,538,000,000","2,380,000,000","2,264,000,000","2,319,500,000","2,216,400,000","2,704,700,000","2,530,700,000","1,609,700,000","1,648,400,000"
	CurrentLiabilities,"2,528,000,000","2,569,000,000","2,413,000,000","2,201,000,000","1,700,000,000","2,390,000,000","2,185,000,000","2,163,000,000","2,381,000,000","2,123,000,000","2,007,000,000","2,646,000,000","2,159,000,000","2,474,000,000","2,382,000,000","1,466,000,000","1,860,000,000","2,258,000,000","2,055,000,000","1,877,000,000","1,602,000,000","2,264,000,000","2,170,000,000","1,991,000,000","2,420,000,000","2,555,000,000","2,500,000,000","3,193,000,000","2,286,000,000","2,662,000,000","2,643,000,000","1,803,000,000","2,471,000,000","2,747,000,000","2,723,000,000","2,802,000,000","3,110,000,000","3,430,000,000","3,425,000,000","3,821,000,000","2,909,000,000","3,499,000,000","3,668,000,000","1,753,000,000","1,793,000,000","1,981,000,000","1,838,000,000","1,538,000,000","1,719,000,000","1,587,000,000","1,662,000,000","1,468,000,000","1,287,000,000","1,532,000,000","1,738,000,000","1,760,000,000","1,848,000,000","2,025,000,000","2,031,000,000","1,955,000,000","1,807,000,000","2,078,000,000","2,429,000,000","2,783,000,000","2,095,000,000","2,346,000,000","2,246,000,000","2,110,000,000","2,193,000,000","1,925,000,000","1,892,000,000","2,234,000,000","2,280,000,000","2,200,000,000","2,169,000,000","1,641,000,000","1,678,000,000","1,934,000,000","1,727,000,000","1,707,000,000","1,437,000,000","1,580,000,000","1,621,000,000","1,658,000,000","1,883,000,000","2,813,000,000","2,869,000,000","3,103,000,000","2,518,000,000","2,628,000,000","2,438,000,000","2,078,000,000","2,043,000,000","2,196,000,000","2,204,000,000","1,950,000,000","1,985,000,000","2,496,000,000","3,069,000,000","2,142,000,000","2,310,000,000","2,486,000,000","2,537,000,000","2,530,000,000","2,597,000,000","3,188,000,000","2,894,000,000","2,529,000,000","2,345,000,000","2,199,000,000","2,184,000,000","2,308,000,000","2,271,000,000","2,001,000,000","2,049,000,000","1,661,000,000","1,663,000,000","1,665,000,000","1,594,000,000","1,561,000,000","1,446,000,000","1,568,000,000","1,466,000,000","1,453,000,000","1,416,000,000","1,479,000,000","1,418,000,000","1,321,000,000","1,239,000,000","1,302,800,000","1,214,800,000","1,199,400,000","1,246,700,000","1,113,100,000","1,128,900,000"
		PayablesAndAccruedExpenses,"1,642,000,000","1,294,000,000","1,248,000,000","1,171,000,000","1,312,000,000","1,073,000,000","979,000,000","1,107,000,000","977,000,000","909,000,000","899,000,000","921,000,000","1,067,000,000","1,001,000,000","1,020,000,000","994,000,000","1,016,000,000","1,036,000,000","921,000,000","889,000,000","872,000,000","923,000,000","889,000,000","861,000,000","831,000,000","891,000,000","882,000,000","959,000,000","933,000,000","609,000,000","1,026,000,000","1,063,000,000","1,106,000,000","792,000,000","1,154,000,000","1,337,000,000","1,243,000,000","863,000,000","1,373,000,000","1,367,000,000","1,449,000,000","1,521,000,000","1,550,000,000","1,325,000,000","1,445,000,000","1,981,000,000","1,838,000,000","1,538,000,000","1,719,000,000","1,587,000,000","1,662,000,000","1,468,000,000","1,287,000,000","1,532,000,000","1,703,000,000","1,734,000,000","1,630,000,000","1,261,000,000","1,879,000,000","1,768,000,000","1,478,000,000","1,090,000,000","1,928,000,000","1,859,000,000","1,658,000,000","1,882,000,000","1,861,000,000","1,479,000,000","1,613,000,000","1,711,000,000","1,758,000,000","1,784,000,000","1,635,000,000","1,513,000,000","1,451,000,000","1,309,000,000","1,181,000,000","1,219,000,000","1,347,000,000","1,357,000,000","1,119,000,000","1,215,000,000","1,379,000,000","1,441,000,000","1,837,000,000","2,342,000,000","2,665,000,000","2,718,000,000","853,000,000","2,056,000,000","2,174,000,000","1,815,000,000","1,783,000,000","1,736,000,000","1,936,000,000","1,870,000,000","1,918,000,000","2,271,000,000","2,983,000,000","2,090,000,000","1,942,000,000","2,009,000,000","2,330,000,000","2,447,000,000","2,560,000,000","2,991,000,000","2,830,000,000","2,502,000,000","2,292,000,000","2,131,000,000","2,142,000,000","2,086,000,000","2,031,000,000","1,653,000,000","513,000,000","526,000,000","455,000,000","1,460,000,000","429,000,000","436,000,000","359,000,000","1,450,000,000","364,000,000","383,000,000","431,000,000","1,388,000,000","427,000,000","431,000,000","386,000,000","1,210,700,000","400,500,000",,,,
			Payables,"1,046,000,000","774,000,000","697,000,000","694,000,000","845,000,000","549,000,000","455,000,000","588,000,000","425,000,000","434,000,000","455,000,000","499,000,000","590,000,000","581,000,000","596,000,000","612,000,000","621,000,000","594,000,000","504,000,000","536,000,000","506,000,000","479,000,000","496,000,000","474,000,000","454,000,000","481,000,000","451,000,000","534,000,000","507,000,000","508,000,000","499,000,000","511,000,000","506,000,000","649,000,000","463,000,000","655,000,000","549,000,000","650,000,000","607,000,000","656,000,000","695,000,000","726,000,000","687,000,000","688,000,000","852,000,000","730,000,000","654,000,000","560,000,000","873,000,000","631,000,000","615,000,000","477,000,000","347,000,000","364,000,000","601,000,000","677,000,000","680,000,000","657,000,000","644,000,000","622,000,000","550,000,000","560,000,000","744,000,000","788,000,000","720,000,000","750,000,000","796,000,000","1,479,000,000","1,573,000,000","552,000,000","1,550,000,000","1,601,000,000","1,553,000,000","1,496,000,000","1,436,000,000","1,295,000,000","1,170,000,000","511,000,000","1,332,000,000","1,230,000,000","1,104,000,000","1,205,000,000","1,367,000,000","1,385,000,000","795,000,000","1,921,000,000","828,000,000","757,000,000","853,000,000","1,682,000,000","624,000,000","554,000,000","535,000,000","1,582,000,000","456,000,000","568,000,000","670,000,000","2,082,000,000","648,000,000","748,000,000","652,000,000","1,940,000,000","808,000,000","931,000,000","984,000,000","2,573,000,000","893,000,000","797,000,000","670,000,000","1,877,000,000","628,000,000","663,000,000","631,000,000","1,495,000,000","513,000,000","526,000,000","455,000,000","1,460,000,000","429,000,000","436,000,000","359,000,000","1,450,000,000","364,000,000","383,000,000","431,000,000","1,388,000,000","427,000,000","431,000,000","386,000,000","1,210,700,000","400,500,000",,,,
				AccountsPayable,"641,000,000","653,000,000","596,000,000","587,000,000","567,000,000","415,000,000","411,000,000","409,000,000","363,000,000","388,000,000","397,000,000","412,000,000","477,000,000","478,000,000","492,000,000","492,000,000","488,000,000","466,000,000","430,000,000","450,000,000","429,000,000","396,000,000","428,000,000","416,000,000","387,000,000","386,000,000","367,000,000","417,000,000","432,000,000","437,000,000","393,000,000","402,000,000","405,000,000","422,000,000","426,000,000","437,000,000","440,000,000","444,000,000","501,000,000","555,000,000","589,000,000","625,000,000","627,000,000","623,000,000","605,000,000","621,000,000","623,000,000","542,000,000","556,000,000","503,000,000","467,000,000","421,000,000","326,000,000","324,000,000","601,000,000","677,000,000","680,000,000","657,000,000","644,000,000","622,000,000","550,000,000","560,000,000","744,000,000","788,000,000","720,000,000","750,000,000","796,000,000","1,479,000,000","1,573,000,000","552,000,000","1,550,000,000","1,601,000,000","1,553,000,000","1,496,000,000","1,436,000,000","1,295,000,000","1,170,000,000","511,000,000","1,332,000,000","1,230,000,000","1,104,000,000","1,205,000,000","1,367,000,000","1,385,000,000","795,000,000","1,921,000,000","828,000,000","757,000,000","853,000,000","1,682,000,000","624,000,000","554,000,000","535,000,000","1,582,000,000","456,000,000","568,000,000","670,000,000","2,082,000,000","648,000,000","748,000,000","652,000,000","1,940,000,000","808,000,000","931,000,000","984,000,000","2,573,000,000","893,000,000","797,000,000","670,000,000","1,877,000,000","628,000,000","663,000,000","631,000,000","1,495,000,000","513,000,000","526,000,000","455,000,000","1,460,000,000","429,000,000","436,000,000","359,000,000","1,450,000,000","364,000,000","383,000,000","431,000,000","1,388,000,000","427,000,000","431,000,000","386,000,000","1,210,700,000","400,500,000",,,,
				TotalTaxPayable,"405,000,000","121,000,000","101,000,000","107,000,000","278,000,000","134,000,000","44,000,000","179,000,000","62,000,000","46,000,000","58,000,000","87,000,000","113,000,000","103,000,000","104,000,000","120,000,000","133,000,000","128,000,000","74,000,000","86,000,000","77,000,000","83,000,000","68,000,000","58,000,000","67,000,000","95,000,000","84,000,000","117,000,000","75,000,000","71,000,000","106,000,000","109,000,000","101,000,000","227,000,000","37,000,000","218,000,000","109,000,000","206,000,000","106,000,000","101,000,000","106,000,000","101,000,000","60,000,000","65,000,000","247,000,000","109,000,000","31,000,000","18,000,000","317,000,000","128,000,000","148,000,000","56,000,000","21,000,000","40,000,000",,,,,,,,,,,,,,,,,,,,,,,,,,,,,,,,,,,,,,,,,,,,,,,,,,,,,,,,,,,,,,,,,,,,,,,,,,,,,,,,,
					IncomeTaxPayable,"405,000,000","121,000,000","101,000,000","107,000,000","278,000,000","134,000,000","44,000,000","179,000,000","62,000,000","46,000,000","58,000,000","87,000,000","113,000,000","103,000,000","104,000,000","120,000,000","133,000,000","128,000,000","74,000,000","86,000,000","77,000,000","83,000,000","68,000,000","58,000,000","67,000,000","95,000,000","84,000,000","117,000,000","75,000,000","71,000,000","106,000,000","109,000,000","101,000,000","119,000,000","37,000,000","218,000,000","109,000,000","79,000,000","106,000,000","101,000,000","106,000,000","101,000,000","60,000,000","65,000,000","247,000,000","109,000,000","31,000,000","18,000,000","317,000,000","128,000,000","148,000,000","56,000,000","21,000,000","40,000,000",,,,,,,,,,,,,,,,,,,,,,,,,,,,,,,,,,,,,,,,,,,,,,,,,,,,,,,,,,,,,,,,,,,,,,,,,,,,,,,,,
			CurrentAccruedExpenses,"596,000,000","520,000,000","551,000,000","477,000,000","467,000,000","524,000,000","524,000,000","519,000,000","552,000,000","475,000,000","444,000,000","422,000,000","477,000,000","420,000,000","424,000,000","382,000,000","395,000,000","442,000,000","417,000,000","353,000,000","366,000,000","444,000,000","393,000,000","387,000,000","377,000,000","410,000,000","431,000,000","425,000,000","426,000,000","101,000,000","527,000,000","552,000,000","600,000,000","143,000,000","691,000,000","682,000,000","694,000,000","213,000,000","766,000,000","711,000,000","754,000,000","795,000,000","863,000,000","637,000,000","593,000,000","1,251,000,000","1,184,000,000","978,000,000","846,000,000","956,000,000","1,047,000,000","991,000,000","940,000,000","1,168,000,000","1,102,000,000","1,057,000,000","950,000,000","604,000,000","1,235,000,000","1,146,000,000","928,000,000","530,000,000","1,184,000,000","1,071,000,000","938,000,000","1,132,000,000","1,065,000,000",,"40,000,000","1,159,000,000","208,000,000","183,000,000","82,000,000","17,000,000","15,000,000","14,000,000","11,000,000","708,000,000","15,000,000","127,000,000","15,000,000","10,000,000","12,000,000","56,000,000","1,042,000,000","421,000,000","1,837,000,000","1,961,000,000",,"374,000,000","1,550,000,000","1,261,000,000","1,248,000,000","154,000,000","1,480,000,000","1,302,000,000","1,248,000,000","189,000,000","2,335,000,000","1,342,000,000","1,290,000,000","69,000,000","1,522,000,000","1,516,000,000","1,576,000,000","418,000,000","1,937,000,000","1,705,000,000","1,622,000,000","254,000,000","1,514,000,000","1,423,000,000","1,400,000,000","158,000,000",,,,,,,,,,,,,,,,,,,,,
		PensionandOtherPostRetirementBenefitPlansCurrent,"386,000,000","775,000,000","665,000,000","531,000,000","388,000,000","767,000,000","656,000,000","505,000,000","353,000,000","714,000,000","609,000,000","476,000,000","342,000,000","724,000,000","613,000,000","472,000,000","344,000,000","722,000,000","635,000,000","489,000,000","352,000,000","710,000,000","647,000,000","493,000,000","340,000,000","664,000,000","615,000,000","481,000,000","349,000,000","651,000,000","613,000,000","484,000,000","364,000,000","554,000,000","567,000,000","463,000,000","365,000,000","524,000,000","552,000,000","454,000,000","382,000,000","597,000,000","532,000,000","428,000,000","348,000,000",,,,,,,,,,,,,,,,,,,,,,,,,,,,,,,,,,,,,,,,,,,,,,,,,,,,,,,,,,,,,,,,,,,,,,,,,,,,,,,,,,,,,,,,,,
		CurrentDebtAndCapitalLeaseObligation,"500,000,000","500,000,000","500,000,000","499,000,000",,"550,000,000","550,000,000","551,000,000","1,051,000,000","500,000,000","499,000,000","1,249,000,000","750,000,000","749,000,000","749,000,000",,"500,000,000","500,000,000","499,000,000","499,000,000","378,000,000","631,000,000","634,000,000","637,000,000","1,249,000,000","1,000,000,000","1,000,000,000","1,750,000,000","1,000,000,000","1,001,000,000","1,002,000,000","254,000,000","1,000,000,000","1,000,000,000","1,000,000,000","1,000,000,000","1,500,000,000","1,500,000,000","1,500,000,000","2,000,000,000","1,078,000,000","1,381,000,000","1,586,000,000",,,,,,,,,,,,,,,,,,"43,000,000","43,000,000","43,000,000","43,000,000",,"301,000,000","303,000,000","306,000,000","318,000,000","11,000,000","10,000,000","415,000,000","435,000,000","437,000,000","434,000,000","68,000,000","168,000,000","422,000,000","171,000,000","155,000,000","46,000,000","38,000,000","42,000,000","43,000,000","46,000,000","148,000,000","204,000,000","385,000,000","385,000,000","313,000,000","264,000,000","263,000,000","260,000,000","267,000,000","268,000,000","80,000,000","67,000,000","71,000,000","86,000,000","52,000,000","368,000,000","314,000,000","207,000,000","83,000,000","37,000,000","27,000,000","64,000,000","27,000,000","53,000,000","12,000,000","42,000,000","222,000,000","240,000,000","211,000,000","237,000,000","29,000,000","48,000,000","54,000,000","30,000,000","41,000,000","41,000,000","30,000,000","104,000,000","49,000,000","38,000,000","35,000,000","127,000,000","44,000,000","25,000,000","42,700,000","25,600,000","22,900,000","63,300,000","79,400,000","29,600,000"
			CurrentDebt,"500,000,000","500,000,000","500,000,000","499,000,000",,"550,000,000","550,000,000","551,000,000","1,051,000,000","500,000,000","499,000,000","1,249,000,000","750,000,000","749,000,000","749,000,000",,"500,000,000","500,000,000","499,000,000","499,000,000","378,000,000","631,000,000","634,000,000","637,000,000","1,249,000,000","1,000,000,000","1,000,000,000","1,750,000,000","1,000,000,000","1,001,000,000","1,002,000,000","254,000,000","1,000,000,000","1,000,000,000","1,000,000,000","1,000,000,000","1,500,000,000","1,500,000,000","1,500,000,000","2,000,000,000","1,078,000,000","1,381,000,000","1,586,000,000",,,,,,,,,,,,,,,,,,"43,000,000","43,000,000","43,000,000","43,000,000",,"301,000,000","303,000,000","306,000,000","318,000,000","11,000,000","10,000,000","415,000,000","435,000,000","437,000,000","434,000,000","68,000,000","168,000,000","422,000,000","171,000,000","155,000,000","46,000,000","38,000,000","42,000,000","43,000,000","46,000,000","148,000,000","204,000,000","385,000,000","385,000,000","313,000,000","264,000,000","263,000,000","260,000,000","267,000,000","268,000,000","80,000,000","67,000,000","71,000,000","86,000,000","52,000,000","368,000,000","314,000,000","207,000,000","83,000,000","37,000,000","27,000,000","64,000,000","27,000,000","53,000,000","12,000,000","42,000,000","222,000,000","240,000,000","211,000,000","237,000,000","29,000,000","48,000,000","54,000,000","30,000,000","41,000,000","41,000,000","30,000,000","104,000,000","49,000,000","38,000,000","35,000,000","127,000,000","44,000,000","25,000,000","42,700,000","25,600,000","22,900,000","63,300,000","79,400,000","29,600,000"
				CommercialPaper,,,,,,,,,,,,,,,,,,,,,,,,,,,,,,,,,,,,,"0","0","0","500,000,000","700,000,000","999,000,000","1,200,000,000",,,,,,,,,,,,,,,,,,,,,,,,,,,,,,,,,,,,,,,,,,,,,,,,,,,,,,,,,,,,,,,,,,,,,,,,,,,,,,,,,,,,,,,,,,,,
				OtherCurrentBorrowings,"500,000,000","500,000,000","500,000,000","499,000,000",,"550,000,000","550,000,000","551,000,000","1,051,000,000","500,000,000","499,000,000","1,249,000,000","750,000,000","749,000,000","749,000,000",,"500,000,000","500,000,000","499,000,000","499,000,000","378,000,000","631,000,000","634,000,000","637,000,000","1,249,000,000","1,000,000,000","1,000,000,000","1,750,000,000","1,000,000,000","1,001,000,000","1,002,000,000","254,000,000","1,000,000,000","1,000,000,000","1,000,000,000","1,000,000,000","1,500,000,000","1,500,000,000","1,500,000,000","1,500,000,000","378,000,000","382,000,000","386,000,000",,,,,,,,,,,,,,,,,,,,,,,,,,,,,,,,,,,,,,,,,,,,,,,,,,,,,,,,,,,,,,,,,,,,,,,,,,,,,,,,,,,,,,,,,,,,
		CurrentDeferredLiabilities,,,,,,,,,,,,,,,,,,,,,,,,,,,"3,000,000","3,000,000","4,000,000","4,000,000","2,000,000","2,000,000","1,000,000","1,000,000","2,000,000","2,000,000","2,000,000","2,000,000",,,,,,,,,,,,,,,,,,,,,,,,,,,,,,,,,,,,,,,,,,,,,,,,,,,,,,,,,,,,,,,,,,,,,,,,,,,,,,,,,,,,,,,,,,,,,,,,,
			CurrentDeferredTaxesLiabilities,,,,,,,,,,,,,,,,,,,,,,,,,,,"3,000,000","3,000,000","4,000,000","4,000,000","2,000,000","2,000,000","1,000,000","1,000,000","2,000,000","2,000,000","2,000,000","2,000,000",,,,,,,,,,,,,,,,,,,,,,,,,,,,,,,,,,,,,,,,,,,,,,,,,,,,,,,,,,,,,,,,,,,,,,,,,,,,,,,,,,,,,,,,,,,,,,,,,
		OtherCurrentLiabilities,,,,,,,,,,,,,,,,,,,,,,,,,,,,,,"397,000,000",,,,"400,000,000",,,,"541,000,000",,,,,,,,,,,,,,,,,"35,000,000","26,000,000","218,000,000","764,000,000","152,000,000","187,000,000","286,000,000","945,000,000","458,000,000","881,000,000","437,000,000","163,000,000","82,000,000","325,000,000","262,000,000","203,000,000","124,000,000","35,000,000","210,000,000","250,000,000","284,000,000","264,000,000","329,000,000","293,000,000","209,000,000","195,000,000","272,000,000","327,000,000","200,000,000","174,000,000",,"323,000,000",,,"1,280,000,000","259,000,000",,,,"193,000,000",,,,"154,000,000",,,,"163,000,000",,,,"170,000,000",,,,"56,000,000",,,,"137,000,000","1,299,000,000","1,106,000,000","1,160,000,000","151,000,000","1,135,000,000","1,084,000,000","1,046,000,000","88,000,000","998,000,000","1,021,000,000","947,000,000","56,000,000","864,000,000","846,000,000","828,000,000","49,400,000","788,700,000","1,176,500,000","1,183,400,000","1,033,700,000","1,099,300,000"
	TotalNonCurrentLiabilitiesNetMinorityInterest,"8,731,000,000","8,774,000,000","8,709,000,000","7,249,000,000","7,773,000,000","7,774,000,000","7,697,000,000","7,638,000,000","7,168,000,000","6,988,000,000","7,000,000,000","6,252,000,000","6,765,000,000","5,669,000,000","5,675,000,000","6,427,000,000","5,005,000,000","5,047,000,000","3,886,000,000","3,853,000,000","3,737,000,000","3,694,000,000","3,760,000,000","3,740,000,000","3,484,000,000","3,729,000,000","4,070,000,000","4,134,000,000","4,691,000,000","4,670,000,000","4,786,000,000","5,541,000,000","5,844,000,000","5,384,000,000","5,470,000,000","5,528,000,000","5,639,000,000","5,630,000,000","5,686,000,000","4,542,000,000","6,029,000,000","6,046,000,000","6,213,000,000","4,442,000,000","943,000,000","983,000,000","849,000,000","871,000,000","846,000,000","810,000,000","803,000,000","829,000,000","1,023,000,000","1,065,000,000","634,000,000","638,000,000","633,000,000","667,000,000","556,000,000","571,000,000","660,000,000","492,000,000","329,000,000","357,000,000","705,000,000","780,000,000","865,000,000","913,000,000","948,000,000","1,311,000,000","1,349,000,000","1,378,000,000","1,420,000,000","1,446,000,000","1,489,000,000","2,051,000,000","1,988,000,000","2,011,000,000","2,080,000,000","1,906,000,000","2,253,000,000","2,320,000,000","2,075,000,000","2,377,000,000","2,357,000,000","2,319,000,000","3,029,000,000","3,785,000,000","3,783,000,000","3,145,000,000","2,837,000,000","2,248,000,000","2,393,000,000","2,527,000,000","2,286,000,000","2,341,000,000","2,408,000,000","2,439,000,000","2,685,000,000","2,782,000,000","2,719,000,000","2,777,000,000","2,905,000,000","2,432,000,000","2,294,000,000","1,932,000,000","1,901,000,000","1,874,000,000","1,803,000,000","1,751,000,000","1,796,000,000","1,693,000,000","1,680,000,000","1,677,000,000","1,713,000,000","1,920,000,000","1,903,000,000","1,573,000,000","1,542,000,000","1,523,000,000","1,349,000,000","1,486,000,000","1,479,000,000","1,592,000,000","1,357,000,000","1,211,000,000","1,120,000,000","1,059,000,000","1,025,000,000","1,016,700,000","1,001,600,000","1,505,300,000","1,284,000,000","496,600,000","519,500,000"
		LongTermDebtAndCapitalLeaseObligation,"7,242,000,000","7,624,000,000","7,239,000,000","5,752,000,000","6,250,000,000","6,497,000,000","6,247,000,000","6,245,000,000","5,499,000,000","5,562,000,000","5,302,000,000","4,558,000,000","5,057,000,000","4,319,000,000","4,318,000,000","5,066,000,000","3,578,000,000","3,577,000,000","3,084,000,000","3,084,000,000","2,980,000,000","2,978,000,000","2,977,000,000","2,975,000,000","2,869,000,000","3,120,000,000","3,132,000,000","3,134,000,000","3,638,000,000","3,641,000,000","3,643,000,000","4,394,000,000","4,652,000,000","4,158,000,000","4,161,000,000","4,165,000,000","4,183,000,000","4,186,000,000","4,190,000,000","2,703,000,000","4,207,000,000","4,211,000,000","4,215,000,000","3,498,000,000",,,,,,,,,,,,,,,,,,,,,"318,000,000","360,000,000","55,000,000","55,000,000","55,000,000","368,000,000","373,000,000","375,000,000","394,000,000","395,000,000","402,000,000","809,000,000","832,000,000","833,000,000","1,084,000,000","1,097,000,000","1,206,000,000","1,211,000,000","1,222,000,000","1,202,000,000","1,228,000,000","1,216,000,000","1,213,000,000","966,000,000","991,000,000","1,097,000,000","1,159,000,000","960,000,000","989,000,000","1,027,000,000","1,040,000,000","1,230,000,000","1,246,000,000","1,286,000,000","1,540,000,000","1,667,000,000","1,643,000,000","1,697,000,000","1,677,000,000","1,223,000,000","1,105,000,000","804,000,000","822,000,000","820,000,000","792,000,000","808,000,000","813,000,000","688,000,000","683,000,000","694,000,000","686,000,000","890,000,000","887,000,000","909,000,000","923,000,000","932,000,000","776,000,000","896,000,000","868,000,000","1,014,000,000","852,000,000","715,000,000","657,000,000","627,000,000","615,000,000","617,500,000","619,700,000","623,800,000","486,500,000","191,400,000","381,900,000"
			LongTermDebt,"7,242,000,000","7,241,000,000","7,239,000,000","5,752,000,000","6,250,000,000","6,248,000,000","6,247,000,000","6,245,000,000","5,499,000,000","5,303,000,000","5,302,000,000","4,558,000,000","5,057,000,000","4,319,000,000","4,318,000,000","5,066,000,000","3,578,000,000","3,577,000,000","3,084,000,000","3,084,000,000","2,980,000,000","2,978,000,000","2,977,000,000","2,975,000,000","2,869,000,000","3,120,000,000","3,132,000,000","3,134,000,000","3,638,000,000","3,641,000,000","3,643,000,000","4,394,000,000","4,652,000,000","4,158,000,000","4,161,000,000","4,165,000,000","4,183,000,000","4,186,000,000","4,190,000,000","2,703,000,000","4,207,000,000","4,211,000,000","4,215,000,000","3,498,000,000",,,,,,,,,,,,,,,,,,,,,"318,000,000","360,000,000","55,000,000","55,000,000","55,000,000","368,000,000","373,000,000","375,000,000","394,000,000","395,000,000","402,000,000","809,000,000","832,000,000","833,000,000","1,084,000,000","1,097,000,000","1,206,000,000","1,211,000,000","1,222,000,000","1,202,000,000","1,228,000,000","1,216,000,000","1,213,000,000","966,000,000","991,000,000","1,097,000,000","1,159,000,000","960,000,000","989,000,000","1,027,000,000","1,040,000,000","1,230,000,000","1,246,000,000","1,286,000,000","1,540,000,000","1,667,000,000","1,643,000,000","1,697,000,000","1,677,000,000","1,223,000,000","1,105,000,000","804,000,000","822,000,000","820,000,000","792,000,000","808,000,000","813,000,000","688,000,000","683,000,000","694,000,000","686,000,000","890,000,000","887,000,000","909,000,000","923,000,000","932,000,000","776,000,000","896,000,000","868,000,000","1,014,000,000","852,000,000","715,000,000","657,000,000","627,000,000","615,000,000","617,500,000","619,700,000","623,800,000","486,500,000","191,400,000","381,900,000"
			LongTermCapitalLeaseObligation,,"383,000,000",,,,"249,000,000",,,,"259,000,000",,,,,,,,,,,,,,,,,,,,,,,,,,,,,,,,,,,,,,,,,,,,,,,,,,,,,,,,,,,,,,,,,,,,,,,,,,,,,,,,,,,,,,,,,,,,,,,,,,,,,,,,,,,,,,,,,,,,,,,,,,,,,
		NonCurrentDeferredLiabilities,"94,000,000","482,000,000","86,000,000","87,000,000","88,000,000","440,000,000","69,000,000","60,000,000","64,000,000","376,000,000","49,000,000","49,000,000","43,000,000","42,000,000","43,000,000","50,000,000","53,000,000","78,000,000","694,000,000","668,000,000","660,000,000","587,000,000","582,000,000","572,000,000","420,000,000","413,000,000","691,000,000","746,000,000","800,000,000","804,000,000","921,000,000","923,000,000","974,000,000","1,010,000,000","1,056,000,000","1,123,000,000","1,198,000,000","1,175,000,000","1,146,000,000","1,139,000,000","1,138,000,000","1,134,000,000","1,381,000,000","412,000,000","416,000,000","464,000,000","402,000,000","401,000,000","421,000,000","385,000,000","339,000,000","327,000,000","415,000,000","425,000,000","52,000,000","57,000,000","60,000,000","49,000,000","27,000,000","20,000,000","10,000,000","23,000,000","14,000,000","15,000,000","17,000,000","23,000,000","33,000,000","35,000,000","40,000,000","40,000,000","63,000,000","59,000,000","57,000,000","59,000,000","87,000,000","87,000,000","98,000,000","129,000,000","70,000,000","85,000,000","316,000,000","331,000,000","162,000,000","463,000,000","495,000,000","469,000,000","822,000,000","1,762,000,000","1,724,000,000","994,000,000","665,000,000","264,000,000","354,000,000","381,000,000",,,,,,,,,,,,,,,,,,,,,,,,,,,,,,,,,,,,,,,,,
			NonCurrentDeferredTaxesLiabilities,"94,000,000","87,000,000","86,000,000","87,000,000","88,000,000","90,000,000","69,000,000","60,000,000","64,000,000","78,000,000","49,000,000","49,000,000","43,000,000","42,000,000","43,000,000","50,000,000","53,000,000","78,000,000","38,000,000","33,000,000","36,000,000","33,000,000","35,000,000","40,000,000","38,000,000","37,000,000","308,000,000","355,000,000","403,000,000","399,000,000","450,000,000","484,000,000","536,000,000","548,000,000","564,000,000","584,000,000","598,000,000","572,000,000","596,000,000","596,000,000","622,000,000","607,000,000","822,000,000","92,000,000","82,000,000","86,000,000","82,000,000","70,000,000","68,000,000","67,000,000","60,000,000","54,000,000","61,000,000","59,000,000","52,000,000","57,000,000","60,000,000","49,000,000","27,000,000","20,000,000","10,000,000","23,000,000","14,000,000","15,000,000","17,000,000","23,000,000","33,000,000","35,000,000","40,000,000","40,000,000","63,000,000","59,000,000","57,000,000","59,000,000","87,000,000","87,000,000","98,000,000","129,000,000","70,000,000","85,000,000","316,000,000","331,000,000","162,000,000","463,000,000","495,000,000","469,000,000","822,000,000","1,762,000,000","1,724,000,000","994,000,000","665,000,000","264,000,000","354,000,000","381,000,000",,,,,,,,,,,,,,,,,,,,,,,,,,,,,,,,,,,,,,,,,
			NonCurrentDeferredRevenue,,,,,,,,,,,,,,,,,,,,,,,,,,,,,,,,,,,,,,,,,,,,,,"378,000,000",,,,,"279,000,000",,,"366,000,000",,,,,,,,,,,,,,,,,,,,,,,,,,,,,,,,,,,,,,,,,,,,,,,,,,,,,,,,,,,,,,,,,,,,,,,,,,,,,,,,,
		TradeandOtherPayablesNonCurrent,,"403,000,000",,,,"457,000,000",,,,"506,000,000",,,,"506,000,000",,,,"635,000,000",,,,,,,,,,,,,,,,,,,,,,,,,,,,,,,,,,,,,,,,,,,,,,,,,,,,,,,,,,,,,,,,,,,,,,,,,,,,,,,,,,,,,,,,,,,,,,,,,,,,,,,,,,,,,,,,,,,,,
		EmployeeBenefits,"81,000,000","79,000,000","129,000,000","131,000,000","130,000,000","131,000,000","103,000,000","99,000,000","95,000,000","93,000,000","123,000,000","121,000,000","120,000,000","118,000,000","86,000,000","82,000,000","92,000,000","89,000,000","108,000,000","101,000,000","97,000,000","129,000,000","201,000,000","193,000,000","195,000,000","196,000,000","247,000,000","254,000,000","253,000,000","225,000,000","222,000,000","224,000,000","218,000,000","216,000,000","253,000,000","240,000,000","258,000,000","269,000,000","350,000,000","700,000,000","684,000,000","701,000,000","617,000,000","532,000,000","527,000,000","519,000,000","447,000,000","470,000,000","425,000,000","425,000,000","464,000,000","502,000,000","608,000,000","640,000,000",,,,,,,,,,,,,,,,,,,,,,,,,,,,,,,,,,,,,,,,,,,,,,,,,,,,,,,,,,,,,,,,,,,,,,,,,,,,,,,,,
			NonCurrentPensionAndOtherPostretirementBenefitPlans,"81,000,000","79,000,000","129,000,000","131,000,000","130,000,000","131,000,000","103,000,000","99,000,000","95,000,000","93,000,000","123,000,000","121,000,000","120,000,000","118,000,000","86,000,000","82,000,000","92,000,000","89,000,000","108,000,000","101,000,000","97,000,000","129,000,000","201,000,000","193,000,000","195,000,000","196,000,000","247,000,000","254,000,000","253,000,000","225,000,000","222,000,000","224,000,000","218,000,000","216,000,000","253,000,000","240,000,000","258,000,000","269,000,000","350,000,000","700,000,000","684,000,000","701,000,000","617,000,000","532,000,000","527,000,000","519,000,000","447,000,000","470,000,000","425,000,000","425,000,000","464,000,000","502,000,000","608,000,000","640,000,000",,,,,,,,,,,,,,,,,,,,,,,,,,,,,,,,,,,,,,,,,,,,,,,,,,,,,,,,,,,,,,,,,,,,,,,,,,,,,,,,,
		OtherNonCurrentLiabilities,"1,314,000,000","186,000,000","1,255,000,000","1,279,000,000","1,305,000,000","249,000,000","1,278,000,000","1,234,000,000","1,510,000,000","451,000,000","1,526,000,000","1,524,000,000","1,545,000,000","684,000,000","1,228,000,000","1,229,000,000","1,282,000,000","668,000,000",,,,,,,,,,,,,,,,,,,,,,,,,,,,,,,,,,,,,"582,000,000","581,000,000","573,000,000","618,000,000","529,000,000","551,000,000","650,000,000","469,000,000","315,000,000","342,000,000","370,000,000","397,000,000","777,000,000","823,000,000","853,000,000","903,000,000","913,000,000","944,000,000","969,000,000","992,000,000","1,000,000,000","1,155,000,000","1,058,000,000","1,049,000,000","926,000,000","724,000,000","731,000,000","778,000,000","691,000,000","712,000,000","634,000,000","634,000,000","994,000,000","1,057,000,000","1,068,000,000","1,054,000,000","1,013,000,000","1,024,000,000","1,050,000,000","1,119,000,000","1,246,000,000","1,111,000,000","1,162,000,000","1,153,000,000","1,145,000,000","1,115,000,000","1,076,000,000","1,080,000,000","1,228,000,000","1,209,000,000","1,189,000,000","1,128,000,000","1,079,000,000","1,054,000,000","1,011,000,000","943,000,000","983,000,000","1,005,000,000","997,000,000","983,000,000","1,027,000,000","1,030,000,000","1,016,000,000","664,000,000","619,000,000","591,000,000","573,000,000","590,000,000","611,000,000","578,000,000","505,000,000","496,000,000","463,000,000","432,000,000","410,000,000","399,200,000","381,900,000","881,500,000","797,500,000","305,200,000","137,600,000"
TotalEquityGrossMinorityInterest,"14,017,000,000","13,333,000,000","12,151,000,000","11,153,000,000","10,166,000,000","9,187,000,000","8,325,000,000","7,644,000,000","7,734,000,000","8,907,000,000","8,985,000,000","8,486,000,000","8,519,000,000","8,994,000,000","10,516,000,000","10,634,000,000","10,642,000,000","10,337,000,000","10,988,000,000","10,708,000,000","10,639,000,000","10,473,000,000","10,286,000,000","9,962,000,000","9,782,000,000","9,946,000,000","9,970,000,000","10,205,000,000","10,369,000,000","10,390,000,000","10,471,000,000","10,466,000,000","10,620,000,000","10,807,000,000","11,051,000,000","11,068,000,000","10,952,000,000","10,961,000,000","11,403,000,000","11,158,000,000","11,071,000,000","10,952,000,000","11,026,000,000","10,903,000,000","10,574,000,000","10,437,000,000","9,962,000,000","9,755,000,000","9,805,000,000","9,722,000,000","9,438,000,000","9,213,000,000","9,210,000,000","9,326,000,000","10,094,000,000","9,984,000,000","9,857,000,000","9,975,000,000","11,137,000,000","11,494,000,000","11,283,000,000","11,360,000,000","12,027,000,000","12,788,000,000","11,238,000,000","11,937,000,000","11,873,000,000","11,463,000,000","11,904,000,000","13,063,000,000","12,896,000,000","12,438,000,000","12,085,000,000","11,864,000,000","11,428,000,000","10,942,000,000","10,729,000,000","10,734,000,000","11,092,000,000","11,376,000,000","11,848,000,000","11,879,000,000","11,548,000,000","12,667,000,000","13,002,000,000","12,588,000,000","12,441,000,000","12,670,000,000","11,199,000,000","9,255,000,000","7,923,000,000","6,721,000,000","6,679,000,000","6,527,000,000","6,028,000,000","5,959,000,000","5,977,000,000","5,914,000,000","6,320,000,000","4,463,000,000","4,234,000,000","4,097,000,000","4,115,000,000","4,279,000,000","4,231,000,000","4,095,000,000","3,849,000,000","3,558,000,000","3,273,000,000","3,039,000,000","2,863,000,000","2,676,000,000","2,483,000,000","2,315,000,000","2,294,000,000","2,137,000,000","2,021,000,000","1,947,000,000","1,994,000,000","1,955,000,000","1,904,000,000","1,955,000,000","2,143,000,000","1,959,000,000","2,285,000,000","2,358,000,000","2,438,000,000","2,462,000,000","2,476,000,000","2,484,900,000","2,464,300,000","1,722,800,000","1,725,600,000","1,727,000,000","1,427,700,000"
	StockholdersEquity,"14,017,000,000","13,333,000,000","12,151,000,000","11,153,000,000","10,166,000,000","9,187,000,000","8,325,000,000","7,644,000,000","7,734,000,000","8,907,000,000","8,985,000,000","8,486,000,000","8,519,000,000","8,994,000,000","10,516,000,000","10,634,000,000","10,642,000,000","10,337,000,000","10,988,000,000","10,708,000,000","10,639,000,000","10,473,000,000","10,286,000,000","9,962,000,000","9,782,000,000","9,946,000,000","9,970,000,000","10,205,000,000","10,369,000,000","10,390,000,000","10,471,000,000","10,466,000,000","10,620,000,000","10,807,000,000","11,051,000,000","11,068,000,000","10,952,000,000","10,961,000,000","11,403,000,000","11,158,000,000","11,071,000,000","10,952,000,000","11,026,000,000","10,903,000,000","10,574,000,000","10,437,000,000","9,962,000,000","9,755,000,000","9,805,000,000","9,722,000,000","9,438,000,000","9,213,000,000","9,210,000,000","9,326,000,000","10,094,000,000","9,984,000,000","9,857,000,000","9,975,000,000","11,137,000,000","11,494,000,000","11,283,000,000","11,360,000,000","12,027,000,000","12,788,000,000","11,238,000,000","11,937,000,000","11,873,000,000","11,463,000,000","11,904,000,000","13,063,000,000","12,896,000,000","12,438,000,000","12,085,000,000","11,864,000,000","11,428,000,000","10,942,000,000","10,729,000,000","10,734,000,000","11,092,000,000","11,376,000,000","11,848,000,000","11,879,000,000","11,548,000,000","12,667,000,000","13,002,000,000","12,588,000,000","12,441,000,000","12,670,000,000","11,199,000,000","9,255,000,000","7,923,000,000","6,721,000,000","6,679,000,000","6,527,000,000","6,028,000,000","5,959,000,000","5,977,000,000","5,914,000,000","6,320,000,000","4,463,000,000","4,234,000,000","4,097,000,000","4,115,000,000","4,279,000,000","4,231,000,000","4,095,000,000","3,849,000,000","3,558,000,000","3,273,000,000","3,039,000,000","2,863,000,000","2,676,000,000","2,483,000,000","2,315,000,000","2,294,000,000","2,137,000,000","2,021,000,000","1,947,000,000","1,994,000,000","1,955,000,000","1,904,000,000","1,955,000,000","2,143,000,000","1,959,000,000","2,285,000,000","2,358,000,000","2,438,000,000","2,462,000,000","2,476,000,000","2,484,900,000","2,464,300,000","1,722,800,000","1,725,600,000","1,727,000,000","1,427,700,000"
		CapitalStock,"1,741,000,000","1,741,000,000","1,741,000,000","1,741,000,000","1,741,000,000","1,741,000,000","1,741,000,000","1,741,000,000","1,741,000,000","1,741,000,000","1,741,000,000","1,741,000,000","1,741,000,000","1,741,000,000","1,741,000,000","1,741,000,000","1,741,000,000","1,741,000,000","1,741,000,000","1,741,000,000","1,741,000,000","1,741,000,000","1,741,000,000","1,741,000,000","1,741,000,000","1,741,000,000","1,741,000,000","1,741,000,000","1,741,000,000","1,741,000,000","1,741,000,000","1,741,000,000","1,741,000,000","1,741,000,000","1,741,000,000","1,741,000,000","1,741,000,000","1,741,000,000","1,741,000,000","1,741,000,000","1,741,000,000","1,741,000,000","1,741,000,000","1,741,000,000","1,740,000,000","1,740,000,000","1,740,000,000","1,740,000,000","1,740,000,000","1,740,000,000","1,740,000,000","1,740,000,000","1,740,000,000","1,740,000,000","1,740,000,000","1,740,000,000","1,740,000,000","1,740,000,000","1,740,000,000","1,739,000,000","1,739,000,000","1,739,000,000","1,739,000,000","1,739,000,000","1,739,000,000","1,739,000,000","1,739,000,000","1,739,000,000","1,738,000,000","1,738,000,000","1,738,000,000","1,738,000,000","1,738,000,000","1,738,000,000","1,740,000,000","1,740,000,000","1,740,000,000","1,740,000,000","1,740,000,000","1,740,000,000","1,740,000,000","1,740,000,000","1,740,000,000","1,740,000,000","1,737,000,000","1,733,000,000","1,731,000,000","1,641,000,000","819,000,000","814,000,000","794,000,000","394,000,000","393,000,000","392,000,000","392,000,000","392,000,000","391,000,000","390,000,000","195,000,000","192,000,000","191,000,000","190,000,000","190,000,000","190,000,000","190,000,000","190,000,000","189,000,000","94,000,000","93,000,000","93,000,000","93,000,000","92,000,000","92,000,000","91,000,000","150,000,000","196,000,000","219,000,000","219,000,000","294,000,000","294,000,000","294,000,000","365,000,000","371,000,000","371,000,000","521,000,000","521,000,000","521,000,000","521,000,000","521,000,000","520,800,000","520,800,000",,,,
			PreferredStock,"0","0","0","0","0","0","0","0","0","0","0","0","0","0","0","0","0","0","0","0","0","0","0","0","0","0","0","0","0","0","0","0","0","0","0","0","0","0","0","0","0","0","0","0","0","0","0","0","0","0","0","0","0","0",,,,,,,,,,,,,,,,,,,,,,,,,,,,,,,,,,,,,,,,,,,,,,,,,,,,,,,,,,,,,"150,000,000","196,000,000","219,000,000","219,000,000","294,000,000","294,000,000","294,000,000","365,000,000","371,000,000","371,000,000","521,000,000","521,000,000","521,000,000","521,000,000","521,000,000","520,800,000","520,800,000",,,,
			CommonStock,"1,741,000,000","1,741,000,000","1,741,000,000","1,741,000,000","1,741,000,000","1,741,000,000","1,741,000,000","1,741,000,000","1,741,000,000","1,741,000,000","1,741,000,000","1,741,000,000","1,741,000,000","1,741,000,000","1,741,000,000","1,741,000,000","1,741,000,000","1,741,000,000","1,741,000,000","1,741,000,000","1,741,000,000","1,741,000,000","1,741,000,000","1,741,000,000","1,741,000,000","1,741,000,000","1,741,000,000","1,741,000,000","1,741,000,000","1,741,000,000","1,741,000,000","1,741,000,000","1,741,000,000","1,741,000,000","1,741,000,000","1,741,000,000","1,741,000,000","1,741,000,000","1,741,000,000","1,741,000,000","1,741,000,000","1,741,000,000","1,741,000,000","1,741,000,000","1,740,000,000","1,740,000,000","1,740,000,000","1,740,000,000","1,740,000,000","1,740,000,000","1,740,000,000","1,740,000,000","1,740,000,000","1,740,000,000","1,740,000,000","1,740,000,000","1,740,000,000","1,740,000,000","1,740,000,000","1,739,000,000","1,739,000,000","1,739,000,000","1,739,000,000","1,739,000,000","1,739,000,000","1,739,000,000","1,739,000,000","1,739,000,000","1,738,000,000","1,738,000,000","1,738,000,000","1,738,000,000","1,738,000,000","1,738,000,000","1,740,000,000","1,740,000,000","1,740,000,000","1,740,000,000","1,740,000,000","1,740,000,000","1,740,000,000","1,740,000,000","1,740,000,000","1,740,000,000","1,737,000,000","1,733,000,000","1,731,000,000","1,641,000,000","819,000,000","814,000,000","794,000,000","394,000,000","393,000,000","392,000,000","392,000,000","392,000,000","391,000,000","390,000,000","195,000,000","192,000,000","191,000,000","190,000,000","190,000,000","190,000,000","190,000,000","190,000,000","189,000,000","94,000,000","93,000,000","93,000,000","93,000,000","92,000,000","92,000,000","91,000,000","0","0","0","0","0","0","0","0","0","0","0","0","0","0","0","0","0",,,,
		AdditionalPaidInCapital,"2,667,000,000","2,630,000,000","2,563,000,000","2,485,000,000","2,391,000,000","2,333,000,000","2,257,000,000","2,182,000,000","2,096,000,000","2,110,000,000","2,058,000,000","2,003,000,000","1,927,000,000","1,950,000,000","1,918,000,000","1,867,000,000","1,770,000,000","1,776,000,000","1,718,000,000","1,683,000,000","1,597,000,000","1,674,000,000","1,757,000,000","1,681,000,000","1,558,000,000","1,629,000,000","1,562,000,000","1,504,000,000","1,410,000,000","1,368,000,000","1,314,000,000","1,273,000,000","1,181,000,000","1,211,000,000","1,125,000,000","1,117,000,000","1,049,000,000","1,176,000,000","1,193,000,000","1,164,000,000","1,112,000,000","1,194,000,000","1,172,000,000","1,108,000,000","1,068,000,000","1,114,000,000","1,128,000,000","1,127,000,000","1,095,000,000","1,086,000,000","1,071,000,000","1,045,000,000","1,020,000,000","1,022,000,000","973,000,000","940,000,000","926,000,000","931,000,000","853,000,000","761,000,000","822,000,000","885,000,000","820,000,000","779,000,000","744,000,000","742,000,000","674,000,000","611,000,000","679,000,000","750,000,000","789,000,000","812,000,000","859,000,000","901,000,000","953,000,000","966,000,000","1,011,000,000","1,042,000,000","1,076,000,000","1,106,000,000","1,141,000,000","1,216,000,000","1,287,000,000","1,291,000,000","1,249,000,000","1,185,000,000","1,102,000,000","219,000,000","995,000,000","822,000,000","657,000,000","1,010,000,000","1,088,000,000","1,178,000,000","1,199,000,000","1,206,000,000","1,203,000,000","1,183,000,000","1,380,000,000","1,183,000,000","1,157,000,000","1,116,000,000","1,104,000,000","1,088,000,000","1,083,000,000","1,081,000,000","1,050,000,000","1,109,000,000","1,068,000,000","1,041,000,000","1,040,000,000","1,016,000,000","984,000,000","932,000,000",,,,,,,,,,,,,,,,,,,,,
		RetainedEarnings,"47,053,000,000","45,919,000,000","44,847,000,000","43,846,000,000","42,860,000,000","42,051,000,000","41,305,000,000","40,780,000,000","40,227,000,000","39,898,000,000","39,674,000,000","38,974,000,000","38,396,000,000","37,906,000,000","37,378,000,000","36,413,000,000","35,619,000,000","34,662,000,000","34,935,000,000","34,149,000,000","33,595,000,000","33,107,000,000","32,432,000,000","31,850,000,000","31,457,000,000","31,176,000,000","30,731,000,000","30,286,000,000","29,948,000,000","29,653,000,000","29,189,000,000","28,686,000,000","28,331,000,000","28,173,000,000","27,993,000,000","27,677,000,000","27,330,000,000","27,205,000,000","27,179,000,000","26,592,000,000","26,345,000,000","26,278,000,000","26,175,000,000","25,726,000,000","25,206,000,000","24,695,000,000","23,907,000,000","23,194,000,000","22,573,000,000","22,066,000,000","21,562,000,000","21,163,000,000","21,043,000,000","21,168,000,000","21,204,000,000","20,773,000,000","20,318,000,000","19,788,000,000","19,172,000,000","18,511,000,000","18,017,000,000","17,529,000,000","16,927,000,000","16,271,000,000","13,930,000,000","13,394,000,000","12,787,000,000","12,197,000,000","11,610,000,000","11,242,000,000","10,795,000,000","10,269,000,000","9,865,000,000","9,535,000,000","9,059,000,000","8,648,000,000","8,564,000,000","8,484,000,000","9,109,000,000","8,958,000,000","8,900,000,000","8,975,000,000","9,128,000,000","9,282,000,000","9,517,000,000","9,323,000,000","8,727,000,000","7,813,000,000","6,569,000,000","6,175,000,000","5,633,000,000","5,295,000,000","4,995,000,000","4,795,000,000","4,640,000,000","4,508,000,000","4,499,000,000","4,488,000,000","4,806,000,000","3,127,000,000","2,911,000,000","2,814,000,000","2,875,000,000","3,055,000,000","3,012,000,000","2,881,000,000","2,622,000,000","2,365,000,000","2,119,000,000","1,912,000,000","1,748,000,000","1,585,000,000","1,424,000,000","1,307,000,000","1,190,000,000","1,064,000,000","974,000,000","916,000,000","862,000,000","828,000,000","780,000,000","766,000,000","880,000,000","1,014,000,000","1,191,000,000","1,269,000,000","1,350,000,000","1,380,000,000","1,394,000,000","1,403,900,000","1,391,900,000","1,209,400,000","1,272,400,000","1,039,300,000","1,072,500,000"
		TreasuryStock,"37,291,000,000","36,800,000,000","36,687,000,000","36,596,000,000","36,479,000,000","36,578,000,000","36,643,000,000","36,725,000,000","36,002,000,000","34,495,000,000","34,045,000,000","33,775,000,000","33,080,000,000","32,130,000,000","30,167,000,000","29,016,000,000","28,096,000,000","27,458,000,000","26,901,000,000","26,345,000,000","25,767,000,000","25,523,000,000","25,102,000,000","24,774,000,000","24,443,000,000","24,068,000,000","23,551,000,000","22,812,000,000","22,199,000,000","21,840,000,000","21,305,000,000","20,722,000,000","20,113,000,000","19,790,000,000","19,236,000,000","18,877,000,000","18,518,000,000","18,462,000,000","18,093,000,000","17,598,000,000","17,385,000,000","17,485,000,000","17,372,000,000","16,986,000,000","16,738,000,000","16,411,000,000","16,169,000,000","15,652,000,000","14,976,000,000","14,549,000,000","14,257,000,000",,"13,852,000,000","13,814,000,000","13,481,000,000","13,138,000,000","12,776,000,000","12,160,000,000","10,344,000,000","9,233,000,000","8,940,000,000","8,430,000,000","7,413,000,000","5,911,000,000","5,092,000,000","3,856,000,000","3,152,000,000","2,908,000,000","1,929,000,000","480,000,000","248,000,000","193,000,000","200,000,000","135,000,000","198,000,000","185,000,000","228,000,000","229,000,000","253,000,000","217,000,000","204,000,000","235,000,000","320,000,000","221,000,000","96,000,000","93,000,000","123,000,000","96,000,000","161,000,000","109,000,000","119,000,000","108,000,000","103,000,000","134,000,000","125,000,000","102,000,000","56,000,000","94,000,000","40,000,000","13,000,000","13,000,000","12,000,000","12,000,000","12,000,000","12,000,000","12,000,000","12,000,000","10,000,000","7,000,000","6,000,000","6,000,000","6,000,000","6,000,000","5,000,000",,,,,,,,,,,,,,,,,,,,,
		GainsLossesNotAffectingRetainedEarnings,"-153,000,000","-157,000,000","-313,000,000","-323,000,000","-347,000,000","-360,000,000","-335,000,000","-334,000,000","-328,000,000","-347,000,000","-443,000,000","-457,000,000","-465,000,000","-473,000,000","-354,000,000","-371,000,000","-392,000,000","-384,000,000","-505,000,000","-520,000,000","-527,000,000","-526,000,000","-542,000,000","-536,000,000","-531,000,000","-532,000,000","-513,000,000","-514,000,000","-531,000,000","-532,000,000","-468,000,000","-512,000,000","-520,000,000","-528,000,000","-572,000,000","-590,000,000","-650,000,000","-699,000,000","-617,000,000","-741,000,000","-742,000,000","-776,000,000","-690,000,000","-686,000,000","-702,000,000","-701,000,000","-644,000,000","-654,000,000","-627,000,000","-621,000,000","-678,000,000","-674,000,000","-741,000,000","-790,000,000","-342,000,000","-331,000,000","-351,000,000","-324,000,000","-284,000,000","-284,000,000","-355,000,000","-363,000,000","-46,000,000","-90,000,000","-83,000,000","-82,000,000","-175,000,000","-176,000,000","-194,000,000","-187,000,000","-178,000,000","-188,000,000","-177,000,000","-175,000,000","-126,000,000","-227,000,000","-358,000,000","-303,000,000","-580,000,000","-211,000,000","271,000,000","183,000,000","-287,000,000","575,000,000","595,000,000","440,000,000","1,004,000,000","3,093,000,000","2,977,000,000","1,553,000,000","958,000,000","130,000,000","306,000,000","296,000,000","-78,000,000","-45,000,000","-60,000,000","-53,000,000","-21,000,000","-26,000,000","-12,000,000","-11,000,000","-42,000,000","-42,000,000","-42,000,000","-45,000,000",,,,"-1,000,000","-12,000,000","-11,000,000","-11,000,000","-10,000,000",,,,,,,,,,,,,,,,,,,,,
		OtherEquityInterest,,,,,,,,,,,,,,,,,,,,,,,,,,,,,,,,,,,,,,,,,,,,,,,,,,,,"-14,061,000,000",,,,,,,,,,,,,,,,,,,,,,,,,,,,,,,,,,,,,,,,,,,,,,,,,,,,,,,,,,,,,,,"954,000,000","877,000,000","828,000,000","812,000,000","838,000,000","833,000,000","830,000,000","824,000,000","892,000,000","574,000,000","573,000,000","568,000,000","567,000,000","561,000,000","561,000,000","560,200,000","551,600,000","513,400,000","453,200,000","687,700,000","355,200,000"
TotalCapitalization,"21,259,000,000","20,574,000,000","19,390,000,000","16,905,000,000","16,416,000,000","15,435,000,000","14,572,000,000","13,889,000,000","13,233,000,000","14,210,000,000","14,287,000,000","13,044,000,000","13,576,000,000","13,313,000,000","14,834,000,000","15,700,000,000","14,220,000,000","13,914,000,000","14,072,000,000","13,792,000,000","13,619,000,000","13,451,000,000","13,263,000,000","12,937,000,000","12,651,000,000","13,066,000,000","13,102,000,000","13,339,000,000","14,007,000,000","14,031,000,000","14,114,000,000","14,860,000,000","15,272,000,000","14,965,000,000","15,212,000,000","15,233,000,000","15,135,000,000","15,147,000,000","15,593,000,000","13,861,000,000","15,278,000,000","15,163,000,000","15,241,000,000","14,401,000,000","10,574,000,000","10,437,000,000","9,962,000,000","9,755,000,000","9,805,000,000","9,722,000,000","9,438,000,000","9,213,000,000","9,210,000,000","9,326,000,000","10,094,000,000","9,984,000,000","9,857,000,000","9,975,000,000","11,137,000,000","11,494,000,000","11,283,000,000","11,360,000,000","12,027,000,000","12,788,000,000","11,556,000,000","12,297,000,000","11,928,000,000","11,518,000,000","11,959,000,000","13,431,000,000","13,269,000,000","12,813,000,000","12,479,000,000","12,259,000,000","11,830,000,000","11,751,000,000","11,561,000,000","11,567,000,000","12,176,000,000","12,473,000,000","13,054,000,000","13,090,000,000","12,770,000,000","13,869,000,000","14,230,000,000","13,804,000,000","13,654,000,000","13,636,000,000","12,190,000,000","10,352,000,000","9,082,000,000","7,681,000,000","7,668,000,000","7,554,000,000","7,068,000,000","7,189,000,000","7,223,000,000","7,200,000,000","7,860,000,000","6,130,000,000","5,877,000,000","5,794,000,000","5,792,000,000","5,502,000,000","5,336,000,000","4,899,000,000","4,671,000,000","4,378,000,000","4,065,000,000","3,847,000,000","3,676,000,000","3,364,000,000","3,166,000,000","3,009,000,000","2,980,000,000","3,027,000,000","2,908,000,000","2,856,000,000","2,917,000,000","2,887,000,000","2,680,000,000","2,851,000,000","3,011,000,000","2,973,000,000","3,137,000,000","3,073,000,000","3,095,000,000","3,089,000,000","3,091,000,000","3,102,400,000","3,084,000,000","2,346,600,000","2,212,100,000","1,918,400,000","1,809,600,000"
PreferredStockEquity,,,,,,,,,,,,,,,,,,,,,,,,,,,,,,,,,,,,,,,,,,,,,,,,,,,,,,,,,,,,,,,,,,,,,,,,,,,,,,,,,,,,,,,,,,,,,,,,,,,,,,,,,,,,,,,,,,,"150,000,000","196,000,000","219,000,000","219,000,000","294,000,000","294,000,000","294,000,000","365,000,000","371,000,000","371,000,000","521,000,000","521,000,000","521,000,000","521,000,000","521,000,000","520,800,000","520,800,000",,,,
CommonStockEquity,"14,017,000,000","13,333,000,000","12,151,000,000","11,153,000,000","10,166,000,000","9,187,000,000","8,325,000,000","7,644,000,000","7,734,000,000","8,907,000,000","8,985,000,000","8,486,000,000","8,519,000,000","8,994,000,000","10,516,000,000","10,634,000,000","10,642,000,000","10,337,000,000","10,988,000,000","10,708,000,000","10,639,000,000","10,473,000,000","10,286,000,000","9,962,000,000","9,782,000,000","9,946,000,000","9,970,000,000","10,205,000,000","10,369,000,000","10,390,000,000","10,471,000,000","10,466,000,000","10,620,000,000","10,807,000,000","11,051,000,000","11,068,000,000","10,952,000,000","10,961,000,000","11,403,000,000","11,158,000,000","11,071,000,000","10,952,000,000","11,026,000,000","10,903,000,000","10,574,000,000","10,437,000,000","9,962,000,000","9,755,000,000","9,805,000,000","9,722,000,000","9,438,000,000","9,213,000,000","9,210,000,000","9,326,000,000","10,094,000,000","9,984,000,000","9,857,000,000","9,975,000,000","11,137,000,000","11,494,000,000","11,283,000,000","11,360,000,000","12,027,000,000","12,788,000,000","11,238,000,000","11,937,000,000","11,873,000,000","11,463,000,000","11,904,000,000","13,063,000,000","12,896,000,000","12,438,000,000","12,085,000,000","11,864,000,000","11,428,000,000","10,942,000,000","10,729,000,000","10,734,000,000","11,092,000,000","11,376,000,000","11,848,000,000","11,879,000,000","11,548,000,000","12,667,000,000","13,002,000,000","12,588,000,000","12,441,000,000","12,670,000,000","11,199,000,000","9,255,000,000","7,923,000,000","6,721,000,000","6,679,000,000","6,527,000,000","6,028,000,000","5,959,000,000","5,977,000,000","5,914,000,000","6,320,000,000","4,463,000,000","4,234,000,000","4,097,000,000","4,115,000,000","4,279,000,000","4,231,000,000","4,095,000,000","3,849,000,000","3,558,000,000","3,273,000,000","3,039,000,000","2,863,000,000","2,676,000,000","2,483,000,000","2,315,000,000","2,144,000,000","1,941,000,000","1,802,000,000","1,728,000,000","1,700,000,000","1,661,000,000","1,610,000,000","1,590,000,000","1,772,000,000","1,588,000,000","1,764,000,000","1,837,000,000","1,917,000,000","1,941,000,000","1,955,000,000","1,964,100,000","1,943,500,000","1,722,800,000","1,725,600,000","1,727,000,000","1,427,700,000"
CapitalLeaseObligations,,"383,000,000",,,,"249,000,000",,,,"259,000,000",,,,,,,,,,,,,,,,,,,,,,,,,,,,,,,,,,,,,,,,,,,,,,,,,,,,,,,,,,,,,,,,,,,,,,,,,,,,,,,,,,,,,,,,,,,,,,,,,,,,,,,,,,,,,,,,,,,,,,,,,,,,,
NetTangibleAssets,"9,564,000,000","8,886,000,000","7,692,000,000","6,635,000,000","5,586,000,000","4,551,000,000","3,641,000,000","2,901,000,000","2,944,000,000","4,136,000,000","4,156,000,000","3,567,000,000","3,510,000,000","3,915,000,000","5,353,000,000","5,384,000,000","5,312,000,000","4,919,000,000","5,490,000,000","5,127,000,000","4,977,000,000","4,795,000,000","4,530,000,000","4,124,000,000","3,864,000,000","3,955,000,000","3,892,000,000","4,038,000,000","4,112,000,000","4,043,000,000","4,034,000,000","3,941,000,000","4,005,000,000","4,104,000,000","4,245,000,000","4,159,000,000","3,948,000,000","3,899,000,000","4,142,000,000","3,795,000,000","3,603,000,000","3,394,000,000","3,352,000,000","9,732,000,000","9,388,000,000","9,232,000,000","8,737,000,000","8,503,000,000","8,549,000,000","8,553,000,000","8,250,000,000","7,997,000,000","8,018,000,000","8,213,000,000","8,953,000,000","8,816,000,000","8,689,000,000","8,795,000,000","9,991,000,000","10,326,000,000","10,080,000,000","10,262,000,000","10,929,000,000","11,682,000,000","10,223,000,000","11,160,000,000","10,827,000,000","10,381,000,000","10,813,000,000","12,251,000,000","12,078,000,000","11,607,000,000","11,238,000,000","11,002,000,000","10,541,000,000","10,144,000,000","9,920,000,000","9,911,000,000","10,265,000,000","10,530,000,000","11,108,000,000","11,131,000,000","10,756,000,000","11,838,000,000","12,128,000,000","11,627,000,000","11,424,000,000","12,204,000,000","10,699,000,000","8,752,000,000","7,923,000,000","6,721,000,000","6,679,000,000","6,527,000,000","6,028,000,000","5,959,000,000","5,977,000,000","5,914,000,000","6,320,000,000","4,463,000,000","4,234,000,000","4,097,000,000","4,115,000,000","4,279,000,000","4,231,000,000","4,095,000,000","3,849,000,000","3,558,000,000","3,273,000,000","3,039,000,000","2,863,000,000","2,676,000,000","2,483,000,000","2,315,000,000","2,294,000,000","2,137,000,000","2,021,000,000","1,947,000,000","1,994,000,000","1,955,000,000","1,904,000,000","1,955,000,000","2,143,000,000","1,959,000,000","2,285,000,000","2,358,000,000","2,438,000,000","2,462,000,000","2,476,000,000","2,484,900,000","2,464,300,000","1,722,800,000","1,725,600,000","1,727,000,000","1,427,700,000"
WorkingCapital,"11,482,000,000","11,116,000,000","11,172,000,000","8,976,000,000","8,705,000,000","7,849,000,000","7,074,000,000","6,325,000,000","5,929,000,000","6,638,000,000","6,706,000,000","5,310,000,000","5,792,000,000","5,623,000,000","7,086,000,000","8,126,000,000","6,730,000,000","6,476,000,000","5,936,000,000","5,634,000,000","5,438,000,000","5,193,000,000","5,011,000,000","4,698,000,000","4,239,000,000","4,519,000,000","4,789,000,000","4,867,000,000","5,406,000,000","5,106,000,000","5,113,000,000","5,653,000,000","5,889,000,000","5,272,000,000","5,378,000,000","5,236,000,000","5,095,000,000","4,800,000,000","5,159,000,000","3,532,000,000","4,682,000,000","4,329,000,000","4,048,000,000","9,107,000,000","5,251,000,000","5,079,000,000","4,630,000,000","4,592,000,000","4,604,000,000","4,527,000,000","4,476,000,000","4,272,000,000","4,245,000,000","4,258,000,000","4,474,000,000","4,250,000,000","4,127,000,000","4,893,000,000","6,022,000,000","6,265,000,000","6,026,000,000","5,776,000,000","6,192,000,000","7,009,000,000","5,982,000,000","6,839,000,000","6,885,000,000","6,389,000,000","6,878,000,000","8,265,000,000","6,407,000,000","5,873,000,000","5,718,000,000","5,509,000,000","4,625,000,000","4,806,000,000","4,444,000,000","4,192,000,000","3,992,000,000","3,937,000,000","4,055,000,000","4,195,000,000","4,483,000,000","4,620,000,000","5,021,000,000","5,302,000,000","5,839,000,000","4,784,000,000","3,456,000,000","3,427,000,000","3,050,000,000","2,743,000,000","2,925,000,000","2,650,000,000","2,520,000,000","3,350,000,000","3,465,000,000","3,607,000,000","4,273,000,000","2,561,000,000","2,113,000,000","1,968,000,000","1,855,000,000","2,169,000,000","2,471,000,000","2,330,000,000","2,389,000,000","2,285,000,000","2,018,000,000","1,818,000,000","1,785,000,000","1,625,000,000","1,471,000,000","1,313,000,000","1,318,000,000","1,346,000,000","1,207,000,000","961,000,000","1,052,000,000","965,000,000","689,000,000","813,000,000","915,000,000","769,000,000","887,000,000","826,000,000","878,000,000","930,000,000","1,041,000,000","1,143,600,000","1,281,900,000","1,349,200,000","1,316,100,000","668,300,000","401,800,000"
InvestedCapital,"21,759,000,000","21,074,000,000","19,890,000,000","17,404,000,000","16,416,000,000","15,985,000,000","15,122,000,000","14,440,000,000","14,284,000,000","14,710,000,000","14,786,000,000","14,293,000,000","14,326,000,000","14,062,000,000","15,583,000,000","15,700,000,000","14,720,000,000","14,414,000,000","14,571,000,000","14,291,000,000","13,997,000,000","14,082,000,000","13,897,000,000","13,574,000,000","13,900,000,000","14,066,000,000","14,102,000,000","15,089,000,000","15,007,000,000","15,032,000,000","15,116,000,000","15,114,000,000","16,272,000,000","15,965,000,000","16,212,000,000","16,233,000,000","16,635,000,000","16,647,000,000","17,093,000,000","15,861,000,000","16,356,000,000","16,544,000,000","16,827,000,000","14,401,000,000","10,574,000,000","10,437,000,000","9,962,000,000","9,755,000,000","9,805,000,000","9,722,000,000","9,438,000,000","9,213,000,000","9,210,000,000","9,326,000,000","10,094,000,000","9,984,000,000","9,857,000,000","9,975,000,000","11,137,000,000","11,494,000,000","11,326,000,000","11,403,000,000","12,070,000,000","12,831,000,000","11,556,000,000","12,598,000,000","12,231,000,000","11,824,000,000","12,277,000,000","13,442,000,000","13,279,000,000","13,228,000,000","12,914,000,000","12,696,000,000","12,264,000,000","11,819,000,000","11,729,000,000","11,989,000,000","12,347,000,000","12,628,000,000","13,100,000,000","13,128,000,000","12,812,000,000","13,912,000,000","14,276,000,000","13,952,000,000","13,858,000,000","14,021,000,000","12,575,000,000","10,665,000,000","9,346,000,000","7,944,000,000","7,928,000,000","7,821,000,000","7,336,000,000","7,269,000,000","7,290,000,000","7,271,000,000","7,946,000,000","6,182,000,000","6,245,000,000","6,108,000,000","5,999,000,000","5,585,000,000","5,373,000,000","4,926,000,000","4,735,000,000","4,405,000,000","4,118,000,000","3,859,000,000","3,718,000,000","3,586,000,000","3,406,000,000","3,220,000,000","3,067,000,000","2,860,000,000","2,737,000,000","2,691,000,000","2,653,000,000","2,634,000,000","2,427,000,000","2,516,000,000","2,744,000,000","2,651,000,000","2,654,000,000","2,587,000,000","2,701,000,000","2,612,000,000","2,595,000,000","2,624,300,000","2,588,800,000","2,369,500,000","2,275,400,000","1,997,800,000","1,839,200,000"
TangibleBookValue,"9,564,000,000","8,886,000,000","7,692,000,000","6,635,000,000","5,586,000,000","4,551,000,000","3,641,000,000","2,901,000,000","2,944,000,000","4,136,000,000","4,156,000,000","3,567,000,000","3,510,000,000","3,915,000,000","5,353,000,000","5,384,000,000","5,312,000,000","4,919,000,000","5,490,000,000","5,127,000,000","4,977,000,000","4,795,000,000","4,530,000,000","4,124,000,000","3,864,000,000","3,955,000,000","3,892,000,000","4,038,000,000","4,112,000,000","4,043,000,000","4,034,000,000","3,941,000,000","4,005,000,000","4,104,000,000","4,245,000,000","4,159,000,000","3,948,000,000","3,899,000,000","4,142,000,000","3,795,000,000","3,603,000,000","3,394,000,000","3,352,000,000","9,732,000,000","9,388,000,000","9,232,000,000","8,737,000,000","8,503,000,000","8,549,000,000","8,553,000,000","8,250,000,000","7,997,000,000","8,018,000,000","8,213,000,000","8,953,000,000","8,816,000,000","8,689,000,000","8,795,000,000","9,991,000,000","10,326,000,000","10,080,000,000","10,262,000,000","10,929,000,000","11,682,000,000","10,223,000,000","11,160,000,000","10,827,000,000","10,381,000,000","10,813,000,000","12,251,000,000","12,078,000,000","11,607,000,000","11,238,000,000","11,002,000,000","10,541,000,000","10,144,000,000","9,920,000,000","9,911,000,000","10,265,000,000","10,530,000,000","11,108,000,000","11,131,000,000","10,756,000,000","11,838,000,000","12,128,000,000","11,627,000,000","11,424,000,000","12,204,000,000","10,699,000,000","8,752,000,000","7,923,000,000","6,721,000,000","6,679,000,000","6,527,000,000","6,028,000,000","5,959,000,000","5,977,000,000","5,914,000,000","6,320,000,000","4,463,000,000","4,234,000,000","4,097,000,000","4,115,000,000","4,279,000,000","4,231,000,000","4,095,000,000","3,849,000,000","3,558,000,000","3,273,000,000","3,039,000,000","2,863,000,000","2,676,000,000","2,483,000,000","2,315,000,000","2,144,000,000","1,941,000,000","1,802,000,000","1,728,000,000","1,700,000,000","1,661,000,000","1,610,000,000","1,590,000,000","1,772,000,000","1,588,000,000","1,764,000,000","1,837,000,000","1,917,000,000","1,941,000,000","1,955,000,000","1,964,100,000","1,943,500,000","1,722,800,000","1,725,600,000","1,727,000,000","1,427,700,000"
TotalDebt,"7,742,000,000","8,124,000,000","7,739,000,000","6,251,000,000","6,250,000,000","7,047,000,000","6,797,000,000","6,796,000,000","6,550,000,000","6,062,000,000","5,801,000,000","5,807,000,000","5,807,000,000","5,068,000,000","5,067,000,000","5,066,000,000","4,078,000,000","4,077,000,000","3,583,000,000","3,583,000,000","3,358,000,000","3,609,000,000","3,611,000,000","3,612,000,000","4,118,000,000","4,120,000,000","4,132,000,000","4,884,000,000","4,638,000,000","4,642,000,000","4,645,000,000","4,648,000,000","5,652,000,000","5,158,000,000","5,161,000,000","5,165,000,000","5,683,000,000","5,686,000,000","5,690,000,000","4,703,000,000","5,285,000,000","5,592,000,000","5,801,000,000","3,498,000,000",,,,,,,,,,,,,,,,,"43,000,000","43,000,000","43,000,000","43,000,000","318,000,000","661,000,000","358,000,000","361,000,000","373,000,000","379,000,000","383,000,000","790,000,000","829,000,000","832,000,000","836,000,000","877,000,000","1,000,000,000","1,255,000,000","1,255,000,000","1,252,000,000","1,252,000,000","1,249,000,000","1,264,000,000","1,245,000,000","1,274,000,000","1,364,000,000","1,417,000,000","1,351,000,000","1,376,000,000","1,410,000,000","1,423,000,000","1,223,000,000","1,249,000,000","1,294,000,000","1,308,000,000","1,310,000,000","1,313,000,000","1,357,000,000","1,626,000,000","1,719,000,000","2,011,000,000","2,011,000,000","1,884,000,000","1,306,000,000","1,142,000,000","831,000,000","886,000,000","847,000,000","845,000,000","820,000,000","855,000,000","910,000,000","923,000,000","905,000,000","923,000,000","919,000,000","935,000,000","963,000,000","953,000,000","973,000,000","817,000,000","926,000,000","972,000,000","1,063,000,000","890,000,000","750,000,000","784,000,000","671,000,000","640,000,000","660,200,000","645,300,000","646,700,000","549,800,000","270,800,000","411,500,000"
NetDebt,"4,237,000,000","3,110,000,000","2,076,000,000","2,602,000,000","3,808,000,000","3,691,000,000","3,975,000,000","2,502,000,000","4,032,000,000","3,366,000,000","1,908,000,000","1,994,000,000","2,087,000,000","2,630,000,000","3,565,000,000","2,147,000,000","2,361,000,000","2,421,000,000","2,287,000,000","2,443,000,000","2,285,000,000","2,455,000,000","2,242,000,000","2,377,000,000","2,837,000,000","3,120,000,000","2,999,000,000","3,700,000,000","3,396,000,000","3,443,000,000","3,339,000,000","3,432,000,000","4,087,000,000","3,531,000,000","3,726,000,000","3,985,000,000","4,290,000,000","4,270,000,000","4,480,000,000","3,511,000,000","4,092,000,000","4,600,000,000","4,220,000,000",,,,,,,,,,,,,,,,,,,,,,,,,,,,,,,,,,,"306,000,000","291,000,000","765,000,000","939,000,000","818,000,000","877,000,000","703,000,000","970,000,000","619,000,000","479,000,000","21,000,000","701,000,000","748,000,000","1,132,000,000","889,000,000","356,000,000","754,000,000","228,000,000","37,000,000","483,000,000","342,000,000",,"1,062,000,000","1,022,000,000","1,047,000,000","1,208,000,000","328,000,000",,,,,,"60,000,000","142,000,000","389,000,000","385,000,000","501,000,000","486,000,000","455,000,000","512,000,000","607,000,000","725,000,000","732,000,000","602,000,000","474,000,000","706,000,000","736,000,000","466,000,000","347,000,000","625,000,000","360,000,000","233,000,000","242,000,000","249,100,000",,,"56,400,000","252,700,000"
ShareIssued,"1,741,000,000","1,741,000,000","1,740,815,939","1,740,815,939","1,740,815,939","1,740,815,939","1,740,815,939","1,740,815,939","1,740,815,939","1,740,815,939","1,740,815,939","1,740,815,939","1,740,815,939","1,740,815,939","1,740,815,939","1,740,815,939","1,740,815,939","1,740,815,939","1,740,815,939","1,740,815,939","1,740,815,939","1,740,815,939","1,740,815,939","1,740,815,939","1,740,815,939","1,740,815,939","1,740,815,939","1,740,815,939","1,740,815,939","1,740,815,939","1,740,815,939","1,740,815,939","1,740,815,939","1,740,815,939","1,740,815,939","1,740,815,939","1,740,815,939","1,740,815,939","1,740,815,939","1,740,815,939","1,740,814,489","1,740,630,391","1,740,552,451","1,740,530,417","1,740,394,740","1,740,166,101","1,739,932,695","1,739,888,675","1,739,818,725","1,739,811,721","1,739,770,537","1,739,734,081","1,739,723,261","1,735,275,325","1,739,717,573","1,310,877,425","1,322,735,591","1,326,319,251","1,398,206,770","1,429,085,261","1,433,709,278","1,450,030,244","1,483,884,332","1,532,585,091","1,558,037,467","1,596,589,805","1,618,052,791","1,623,052,781","1,662,164,848","1,718,115,118","1,727,924,832","1,731,077,633","1,731,102,705","1,732,337,989","1,730,625,354","1,732,381,499","1,729,282,542","1,730,588,416","1,731,005,913","1,733,669,195","1,734,397,724","1,733,933,876","1,732,198,880","1,734,611,289","1,735,984,427","1,734,216,602","1,729,947,374","1,640,486,689","1,636,392,294","1,625,782,000","1,584,822,000","1,571,332,000","1,567,912,000","1,562,719,836","1,559,624,000","1,560,520,000","1,562,048,000","1,557,994,208","1,561,032,000","1,533,600,000","1,529,064,000","1,522,024,000","1,519,696,000","1,516,672,000","1,515,888,000","1,515,112,000","1,510,496,000","1,503,280,000","1,490,752,000","1,482,928,000","1,482,080,000","1,475,360,000","1,467,360,000","1,453,072,000","1,448,864,000","1,388,480,000","1,328,304,000","1,321,584,000","1,318,144,000","1,316,384,000","1,316,208,000","1,314,144,000","1,312,992,000","1,311,296,000","1,310,560,000","1,308,448,000","1,307,968,000","1,304,720,000","1,304,576,000","1,304,064,000","1,301,648,000","1,290,336,000","1,257,888,000","1,228,784,000","1,209,280,000"
OrdinarySharesNumber,"922,000,000","924,000,000","923,415,011","923,086,681","923,242,840","919,354,152","917,641,361","915,590,632","921,480,842","932,031,558","935,178,135","934,564,803","938,799,271","945,150,293","964,863,102","974,365,522","981,717,919","983,158,722","986,356,795","991,717,089","997,729,963","995,983,961","1,001,122,459","1,003,348,270","1,006,571,760","1,011,268,412","1,019,629,587","1,034,101,784","1,044,414,019","1,046,626,812","1,056,299,947","1,067,555,579","1,079,351,194","1,082,802,969","1,094,563,114","1,101,172,804","1,109,154,388","1,108,178,969","1,120,802,980","1,137,757,862","1,144,353,291","1,139,498,760","1,142,649,874","1,155,320,663","1,161,168,787","1,167,443,704","1,174,157,492","1,195,195,435","1,222,226,383","1,240,118,017","1,252,873,398","1,261,424,435","1,273,453,110","1,273,453,110","1,296,424,945","1,310,877,425","1,322,735,591","1,326,319,251","1,398,206,770","1,429,085,261","1,433,709,278","1,450,030,244","1,483,884,332","1,532,585,091","1,558,037,467","1,596,589,805","1,618,052,791","1,623,052,781","1,662,164,848","1,718,115,118","1,727,924,832","1,731,077,633","1,731,102,705","1,732,337,989","1,730,625,354","1,732,381,499","1,729,282,542","1,730,588,416","1,731,005,913","1,733,669,195","1,734,397,724","1,733,933,876","1,732,198,880","1,734,611,289","1,735,984,427","1,734,216,602","1,729,947,374","1,640,486,689","1,636,392,294","1,625,782,000","1,584,822,000","1,571,332,000","1,567,912,000","1,562,719,836","1,559,624,000","1,560,520,000","1,562,048,000","1,557,994,208","1,561,032,000","1,533,600,000","1,529,064,000","1,522,024,000","1,519,696,000","1,516,672,000","1,515,888,000","1,515,112,000","1,510,496,000","1,503,280,000","1,490,752,000","1,482,928,000","1,482,080,000","1,475,360,000","1,467,360,000","1,453,072,000","1,448,864,000","1,388,480,000","1,328,304,000","1,321,584,000","1,318,144,000","1,316,384,000","1,316,208,000","1,314,144,000","1,312,992,000","1,311,296,000","1,310,560,000","1,308,448,000","1,307,968,000","1,304,720,000","1,304,576,000","1,304,064,000","1,301,648,000","1,290,336,000","1,257,888,000","1,228,784,000","1,209,280,000"
TreasurySharesNumber,"819,000,000","817,000,000","817,400,928","817,729,258","817,573,099","821,461,787","823,174,578","825,225,307","819,335,097","808,784,381","805,637,804","806,251,136","802,016,668","795,665,646","775,952,837","766,450,417","759,098,020","757,657,217","754,459,144","749,098,850","743,085,976","744,831,978","739,693,480","737,467,669","734,244,179","729,547,527","721,186,352","706,714,155","696,401,920","694,189,127","684,515,992","673,260,360","661,464,745","658,012,970","646,252,825","639,643,135","631,661,551","632,636,970","620,012,959","603,058,077","596,461,198","601,131,631","597,902,577","585,209,754","579,225,953","572,722,397","565,775,203","544,693,240","517,592,342","499,693,704","486,897,139","478,309,646","466,270,151","461,822,215","443,292,628",,,,,,,,,,,,,,,,,,,,,,,,,,,,,,,,,,,,,,,,,,,,,,,,,,,,,,,,,,,,,,,,,,,,,,,,,,,,,,,,